  1:	0.003  0.002  0.003  0.004  0.004  0.001  0.977  0.002  0.002  0.003	24
  2:	0.939  0.004  0.003  0.018  0.006  0.003  0.005  0.004  0.009  0.010	10
  3:	0.735  0.002  0.002  0.005  0.243  0.002  0.002  0.002  0.004  0.003	24
  4:	0.004  0.003  0.003  0.006  0.004  0.002  0.005  0.002  0.969  0.003	22
  5:	0.034  0.004  0.006  0.845  0.037  0.002  0.010  0.003  0.038  0.020	22
  6:	0.015  0.002  0.013  0.006  0.008  0.004  0.004  0.003  0.005  0.940	24
  7:	0.006  0.002  0.003  0.003  0.953  0.002  0.010  0.002  0.011  0.008	24
  8:	0.004  0.003  0.589  0.003  0.098  0.003  0.003  0.287  0.004  0.006	24
  9:	0.007  0.002  0.003  0.005  0.004  0.002  0.035  0.002  0.079  0.861	11
 10:	0.003  0.003  0.088  0.004  0.019  0.003  0.003  0.751  0.003  0.123	24
 11:	0.002  0.968  0.002  0.003  0.005  0.010  0.002  0.004  0.002  0.004	24
 12:	0.002  0.942  0.002  0.002  0.002  0.004  0.002  0.002  0.002  0.039	24
 13:	0.002  0.014  0.003  0.006  0.003  0.008  0.004  0.950  0.003  0.006	24
 14:	0.005  0.010  0.004  0.004  0.014  0.024  0.013  0.914  0.003  0.010	24
 15:	0.002  0.953  0.006  0.005  0.002  0.005  0.008  0.009  0.004  0.004	24
 16:	0.009  0.004  0.009  0.004  0.008  0.921  0.002  0.027  0.007  0.008	9
 17:	0.001  0.002  0.002  0.002  0.001  0.984  0.002  0.004  0.001  0.001	14

  1:	0.007  0.003  0.006  0.002  0.002  0.969  0.001  0.003  0.003  0.003	24
  2:	0.006  0.008  0.017  0.005  0.005  0.009  0.004  0.005  0.938  0.003	10
  3:	0.243  0.003  0.005  0.002  0.002  0.003  0.002  0.002  0.737  0.002	24
  4:	0.005  0.014  0.020  0.002  0.004  0.942  0.002  0.002  0.007  0.002	22
  5:	0.037  0.016  0.863  0.029  0.002  0.015  0.003  0.003  0.030  0.003	22
  6:	0.009  0.940  0.008  0.003  0.002  0.006  0.005  0.003  0.023  0.003	24
  7:	0.957  0.007  0.003  0.003  0.002  0.016  0.002  0.002  0.006  0.002	24
  8:	0.104  0.425  0.006  0.007  0.004  0.006  0.005  0.142  0.006  0.294	24
  9:	0.006  0.758  0.010  0.002  0.003  0.198  0.002  0.004  0.015  0.002	11
 10:	0.018  0.182  0.005  0.002  0.004  0.004  0.003  0.033  0.003  0.747	24
 11:	0.003  0.002  0.002  0.003  0.968  0.002  0.013  0.003  0.002  0.002	24
 12:	0.002  0.037  0.002  0.942  0.004  0.005  0.002  0.003  0.002  0.002	24
 13:	0.003  0.004  0.004  0.005  0.008  0.003  0.007  0.934  0.002  0.031	24
 14:	0.006  0.005  0.003  0.005  0.005  0.006  0.013  0.947  0.003  0.005	24
 15:	0.002  0.004  0.006  0.012  0.952  0.007  0.005  0.005  0.002  0.005	24
 16:	0.009  0.007  0.004  0.006  0.003  0.005  0.914  0.037  0.008  0.006	9
 17:	0.001  0.001  0.002  0.002  0.001  0.002  0.982  0.003  0.001  0.004	14

  1:	0.003  0.970  0.002  0.003  0.006  0.002  0.003  0.003  0.001  0.007	24
  2:	0.003  0.008  0.006  0.939  0.017  0.005  0.010  0.004  0.004  0.006	10
  3:	0.002  0.003  0.002  0.737  0.005  0.002  0.003  0.002  0.002  0.243	24
  4:	0.008  0.939  0.002  0.008  0.021  0.004  0.010  0.002  0.002  0.005	22
  5:	0.006  0.014  0.028  0.028  0.861  0.002  0.016  0.003  0.003  0.038	22
  6:	0.012  0.005  0.003  0.015  0.007  0.002  0.942  0.002  0.004  0.009	24
  7:	0.003  0.015  0.003  0.006  0.003  0.002  0.008  0.002  0.002  0.957	24
  8:	0.591  0.003  0.003  0.004  0.003  0.002  0.006  0.286  0.003  0.098	24
  9:	0.003  0.074  0.001  0.008  0.012  0.002  0.892  0.002  0.002  0.004	11
 10:	0.088  0.003  0.002  0.003  0.004  0.003  0.123  0.752  0.003  0.018	24
 11:	0.001  0.002  0.003  0.002  0.002  0.968  0.003  0.003  0.013  0.003	24
 12:	0.002  0.003  0.943  0.002  0.002  0.003  0.039  0.003  0.002  0.001	24
 13:	0.003  0.004  0.006  0.002  0.006  0.011  0.006  0.951  0.009  0.003	24
 14:	0.004  0.007  0.008  0.005  0.004  0.007  0.010  0.920  0.023  0.014	24
 15:	0.005  0.007  0.012  0.002  0.006  0.953  0.003  0.006  0.005  0.002	24
 16:	0.009  0.005  0.006  0.009  0.004  0.003  0.008  0.025  0.922  0.008	9
 17:	0.002  0.002  0.002  0.001  0.002  0.001  0.001  0.004  0.984  0.001	14

  1:	0.004  0.003  0.001  0.002  0.013  0.957  0.004  0.009  0.006  0.002	24
  2:	0.003  0.938  0.003  0.004  0.007  0.006  0.009  0.017  0.009  0.004	10
  3:	0.003  0.739  0.002  0.002  0.003  0.238  0.004  0.005  0.004  0.002	24
  4:	0.003  0.005  0.002  0.002  0.004  0.005  0.003  0.006  0.968  0.003	22
  5:	0.006  0.032  0.002  0.003  0.009  0.044  0.023  0.840  0.037  0.004	22
  6:	0.010  0.015  0.004  0.002  0.024  0.006  0.925  0.006  0.006  0.002	24
  7:	0.006  0.011  0.003  0.002  0.006  0.951  0.008  0.004  0.005  0.003	24
  8:	0.603  0.004  0.003  0.284  0.004  0.077  0.014  0.003  0.004  0.003	24
  9:	0.005  0.007  0.002  0.002  0.920  0.007  0.016  0.011  0.029  0.002	11
 10:	0.090  0.004  0.003  0.751  0.004  0.015  0.122  0.004  0.003  0.003	24
 11:	0.002  0.002  0.010  0.004  0.002  0.003  0.004  0.003  0.002  0.969	24
 12:	0.002  0.002  0.004  0.002  0.024  0.002  0.016  0.002  0.003  0.943	24
 13:	0.003  0.002  0.009  0.949  0.006  0.003  0.004  0.006  0.003  0.014	24
 14:	0.004  0.005  0.024  0.919  0.005  0.016  0.010  0.004  0.003  0.010	24
 15:	0.007  0.002  0.005  0.010  0.003  0.004  0.006  0.008  0.004  0.951	24
 16:	0.009  0.009  0.923  0.026  0.004  0.005  0.010  0.004  0.007  0.004	9
 17:	0.002  0.001  0.984  0.004  0.001  0.002  0.001  0.002  0.001  0.002	14

  1:	0.001  0.003  0.003  0.007  0.001  0.970  0.003  0.004  0.005  0.001	24
  2:	0.009  0.010  0.004  0.006  0.006  0.008  0.941  0.002  0.010  0.004	10
  3:	0.002  0.003  0.002  0.243  0.002  0.003  0.738  0.002  0.004  0.002	24
  4:	0.005  0.010  0.002  0.005  0.003  0.945  0.007  0.003  0.018  0.002	22
  5:	0.004  0.021  0.003  0.039  0.030  0.020  0.037  0.003  0.840  0.002	22
  6:	0.002  0.949  0.003  0.009  0.003  0.005  0.016  0.002  0.009  0.004	24
  7:	0.002  0.008  0.002  0.957  0.003  0.015  0.006  0.002  0.003  0.002	24
  8:	0.006  0.028  0.429  0.109  0.009  0.006  0.006  0.003  0.400  0.005	24
  9:	0.002  0.883  0.002  0.004  0.001  0.086  0.009  0.002  0.008  0.002	11
 10:	0.004  0.123  0.773  0.021  0.002  0.003  0.003  0.003  0.065  0.003	24
 11:	0.010  0.002  0.002  0.002  0.002  0.001  0.001  0.971  0.001  0.007	24
 12:	0.003  0.038  0.003  0.002  0.942  0.003  0.002  0.003  0.002  0.002	24
 13:	0.003  0.006  0.946  0.003  0.007  0.004  0.002  0.016  0.005  0.009	24
 14:	0.005  0.009  0.920  0.013  0.008  0.007  0.005  0.006  0.004  0.024	24
 15:	0.938  0.003  0.007  0.002  0.010  0.005  0.002  0.012  0.007  0.015	24
 16:	0.005  0.008  0.024  0.008  0.007  0.005  0.010  0.005  0.004  0.923	9
 17:	0.001  0.001  0.004  0.001  0.002  0.002  0.001  0.001  0.002  0.984	14

