  1:	0.004  0.002  0.004  0.014  0.004  0.956  0.002  0.001  0.009  0.001  0.004	24
  2:	0.002  0.003  0.007  0.008  0.937  0.007  0.003  0.010  0.015  0.004  0.002	10
  3:	0.003  0.002  0.005  0.003  0.731  0.241  0.002  0.002  0.007  0.002  0.002	24
  4:	0.005  0.002  0.005  0.010  0.954  0.007  0.002  0.003  0.008  0.002  0.003	22
  5:	0.007  0.002  0.025  0.009  0.054  0.045  0.003  0.008  0.843  0.002  0.002	22
  6:	0.009  0.002  0.929  0.026  0.012  0.006  0.002  0.002  0.006  0.004  0.002	24
  7:	0.006  0.002  0.008  0.007  0.010  0.953  0.002  0.003  0.004  0.004  0.002	24
  8:	0.628  0.131  0.015  0.003  0.004  0.077  0.131  0.003  0.003  0.003  0.003	24
  9:	0.004  0.001  0.015  0.934  0.014  0.007  0.002  0.002  0.016  0.002  0.002	11
 10:	0.094  0.680  0.122  0.004  0.004  0.014  0.071  0.003  0.005  0.002  0.002	24
 11:	0.002  0.002  0.002  0.001  0.001  0.001  0.003  0.005  0.001  0.007  0.974	24
 12:	0.002  0.002  0.014  0.026  0.002  0.002  0.002  0.939  0.002  0.004  0.003	24
 13:	0.003  0.031  0.003  0.004  0.002  0.003  0.926  0.003  0.004  0.007  0.014	24
 14:	0.003  0.004  0.007  0.004  0.003  0.012  0.938  0.006  0.003  0.014  0.005	24
 15:	0.006  0.011  0.004  0.003  0.002  0.004  0.004  0.935  0.009  0.010  0.010	24
 16:	0.009  0.005  0.009  0.004  0.009  0.005  0.034  0.005  0.004  0.911  0.005	9
 17:	0.002  0.005  0.001  0.001  0.001  0.002  0.003  0.002  0.002  0.981  0.001	14

  1:	0.002  0.004  0.001  0.001  0.004  0.003  0.001  0.003  0.003  0.976  0.002	24
  2:	0.003  0.007  0.006  0.009  0.017  0.936  0.004  0.002  0.008  0.006  0.003	10
  3:	0.002  0.245  0.002  0.001  0.009  0.728  0.002  0.003  0.004  0.003  0.001	24
  4:	0.002  0.004  0.004  0.002  0.008  0.956  0.002  0.005  0.006  0.009  0.002	22
  5:	0.003  0.032  0.002  0.027  0.846  0.049  0.002  0.007  0.017  0.012  0.002	22
  6:	0.003  0.009  0.002  0.003  0.007  0.013  0.004  0.012  0.943  0.004  0.002	24
  7:	0.002  0.950  0.002  0.003  0.003  0.016  0.002  0.003  0.008  0.010  0.002	24
  8:	0.129  0.097  0.002  0.003  0.003  0.004  0.003  0.616  0.005  0.003  0.134	24
  9:	0.003  0.003  0.002  0.001  0.011  0.048  0.002  0.003  0.891  0.035  0.002	11
 10:	0.069  0.017  0.003  0.002  0.004  0.003  0.002  0.092  0.123  0.003  0.681	24
 11:	0.003  0.003  0.966  0.003  0.002  0.002  0.013  0.001  0.003  0.002  0.002	24
 12:	0.002  0.001  0.003  0.942  0.002  0.002  0.002  0.002  0.039  0.003  0.002	24
 13:	0.931  0.003  0.008  0.005  0.004  0.002  0.007  0.003  0.004  0.003  0.031	24
 14:	0.937  0.007  0.006  0.005  0.003  0.003  0.014  0.003  0.007  0.012  0.004	24
 15:	0.005  0.002  0.949  0.011  0.005  0.002  0.005  0.005  0.003  0.007  0.006	24
 16:	0.034  0.009  0.003  0.005  0.004  0.009  0.912  0.010  0.007  0.002  0.005	9
 17:	0.003  0.001  0.001  0.002  0.002  0.001  0.980  0.002  0.001  0.002  0.005	14

  1:	0.002  0.002  0.002  0.002  0.003  0.004  0.001  0.003  0.974  0.003  0.004	24
  2:	0.009  0.007  0.004  0.004  0.935  0.005  0.003  0.009  0.005  0.003  0.016	10
  3:	0.004  0.003  0.002  0.002  0.733  0.243  0.002  0.003  0.002  0.002  0.005	24
  4:	0.965  0.003  0.003  0.002  0.004  0.004  0.002  0.003  0.005  0.003  0.006	22
  5:	0.036  0.011  0.004  0.003  0.032  0.035  0.002  0.023  0.010  0.006  0.838	22
  6:	0.005  0.024  0.002  0.002  0.015  0.007  0.004  0.920  0.005  0.010  0.006	24
  7:	0.011  0.006  0.002  0.002  0.006  0.950  0.002  0.004  0.011  0.003  0.003	24
  8:	0.004  0.004  0.003  0.287  0.004  0.097  0.003  0.008  0.003  0.585  0.003	24
  9:	0.029  0.913  0.002  0.002  0.007  0.004  0.002  0.015  0.010  0.005  0.011	11
 10:	0.003  0.004  0.003  0.749  0.003  0.018  0.003  0.122  0.003  0.088  0.004	24
 11:	0.002  0.002  0.966  0.004  0.002  0.005  0.010  0.004  0.002  0.002  0.003	24
 12:	0.002  0.022  0.941  0.002  0.002  0.002  0.004  0.017  0.004  0.002  0.002	24
 13:	0.003  0.006  0.014  0.946  0.002  0.003  0.008  0.004  0.004  0.003  0.006	24
 14:	0.003  0.005  0.010  0.909  0.004  0.014  0.024  0.010  0.013  0.004  0.004	24
 15:	0.004  0.003  0.949  0.010  0.002  0.002  0.005  0.005  0.008  0.006  0.005	24
 16:	0.007  0.004  0.004  0.026  0.009  0.007  0.918  0.010  0.002  0.009  0.004	9
 17:	0.001  0.001  0.002  0.004  0.001  0.001  0.983  0.001  0.002  0.002  0.002	14

  1:	0.003  0.974  0.002  0.002  0.004  0.004  0.003  0.001  0.002  0.002  0.003	24
  2:	0.935  0.005  0.004  0.009  0.005  0.016  0.009  0.003  0.004  0.007  0.003	10
  3:	0.733  0.002  0.002  0.004  0.243  0.005  0.003  0.002  0.002  0.003  0.002	24
  4:	0.004  0.005  0.002  0.965  0.004  0.006  0.003  0.002  0.003  0.004  0.003	22
  5:	0.032  0.010  0.003  0.037  0.035  0.838  0.023  0.002  0.004  0.011  0.006	22
  6:	0.015  0.005  0.002  0.006  0.007  0.006  0.920  0.004  0.002  0.024  0.010	24
  7:	0.006  0.011  0.002  0.011  0.950  0.003  0.004  0.002  0.002  0.006  0.003	24
  8:	0.004  0.003  0.287  0.004  0.097  0.003  0.008  0.003  0.003  0.004  0.585	24
  9:	0.007  0.010  0.002  0.029  0.004  0.011  0.015  0.002  0.002  0.914  0.005	11
 10:	0.003  0.003  0.749  0.003  0.018  0.004  0.122  0.003  0.003  0.004  0.088	24
 11:	0.002  0.002  0.004  0.002  0.005  0.003  0.004  0.010  0.965  0.002  0.002	24
 12:	0.002  0.004  0.002  0.002  0.002  0.002  0.017  0.004  0.941  0.022  0.002	24
 13:	0.002  0.004  0.946  0.003  0.003  0.006  0.004  0.008  0.015  0.006  0.003	24
 14:	0.004  0.013  0.909  0.003  0.013  0.004  0.010  0.024  0.010  0.005  0.004	24
 15:	0.002  0.008  0.010  0.004  0.002  0.005  0.005  0.005  0.949  0.003  0.006	24
 16:	0.009  0.002  0.026  0.007  0.007  0.004  0.010  0.918  0.004  0.004  0.009	9
 17:	0.001  0.002  0.004  0.002  0.001  0.002  0.001  0.983  0.002  0.001  0.002	14

  1:	0.001  0.966  0.003  0.003  0.007  0.001  0.003  0.003  0.004  0.003  0.006	24
  2:	0.003  0.008  0.004  0.003  0.005  0.009  0.003  0.009  0.008  0.932  0.017	10
  3:	0.002  0.003  0.002  0.002  0.243  0.002  0.002  0.003  0.003  0.734  0.005	24
  4:	0.002  0.932  0.002  0.003  0.005  0.005  0.007  0.009  0.010  0.008  0.019	22
  5:	0.002  0.014  0.003  0.007  0.037  0.003  0.006  0.024  0.012  0.032  0.861	22
  6:	0.004  0.006  0.002  0.002  0.007  0.002  0.009  0.924  0.023  0.015  0.006	24
  7:	0.002  0.014  0.002  0.002  0.956  0.002  0.003  0.004  0.006  0.006  0.003	24
  8:	0.003  0.003  0.287  0.002  0.097  0.003  0.585  0.008  0.004  0.004  0.003	24
  9:	0.002  0.012  0.002  0.002  0.004  0.002  0.005  0.014  0.933  0.007  0.017	11
 10:	0.003  0.003  0.750  0.002  0.018  0.003  0.088  0.122  0.004  0.003  0.004	24
 11:	0.006  0.002  0.003  0.964  0.003  0.013  0.002  0.003  0.002  0.002  0.002	24
 12:	0.003  0.004  0.002  0.942  0.002  0.004  0.002  0.015  0.022  0.002  0.002	24
 13:	0.009  0.004  0.939  0.022  0.003  0.003  0.003  0.004  0.006  0.002  0.006	24
 14:	0.023  0.007  0.915  0.009  0.014  0.005  0.004  0.010  0.005  0.004  0.004	24
 15:	0.017  0.004  0.008  0.014  0.002  0.939  0.004  0.003  0.002  0.002  0.006	24
 16:	0.920  0.005  0.022  0.004  0.008  0.005  0.009  0.010  0.004  0.009  0.004	9
 17:	0.983  0.002  0.004  0.002  0.001  0.001  0.002  0.001  0.001  0.001  0.002	14

