  1:	0.001  0.003  0.004  0.001  0.006  0.003  0.968  0.002  0.002  0.003  0.002  0.004	24
  2:	0.013  0.002  0.016  0.004  0.006  0.008  0.005  0.003  0.002  0.929  0.003  0.007	10
  3:	0.002  0.003  0.008  0.002  0.010  0.004  0.003  0.002  0.002  0.726  0.001  0.237	24
  4:	0.003  0.005  0.007  0.002  0.007  0.006  0.009  0.002  0.003  0.950  0.002  0.003	22
  5:	0.008  0.007  0.843  0.002  0.029  0.021  0.009  0.003  0.002  0.056  0.002  0.017	22
  6:	0.002  0.012  0.007  0.004  0.010  0.935  0.004  0.003  0.002  0.012  0.002  0.008	24
  7:	0.004  0.003  0.004  0.003  0.347  0.010  0.005  0.002  0.002  0.007  0.002  0.612	24
  8:	0.003  0.585  0.003  0.003  0.095  0.005  0.003  0.136  0.003  0.004  0.135  0.026	24
  9:	0.002  0.003  0.011  0.002  0.004  0.884  0.037  0.003  0.002  0.049  0.002  0.004	11
 10:	0.002  0.088  0.004  0.002  0.021  0.122  0.003  0.071  0.002  0.003  0.678  0.003	24
 11:	0.005  0.002  0.002  0.007  0.002  0.002  0.001  0.003  0.972  0.001  0.002  0.002	24
 12:	0.938  0.002  0.002  0.003  0.001  0.039  0.003  0.002  0.003  0.002  0.002  0.002	24
 13:	0.003  0.003  0.004  0.007  0.003  0.004  0.003  0.925  0.013  0.002  0.031  0.003	24
 14:	0.006  0.003  0.003  0.014  0.006  0.007  0.012  0.930  0.005  0.003  0.004  0.007	24
 15:	0.935  0.005  0.007  0.010  0.002  0.003  0.007  0.004  0.010  0.002  0.010  0.002	24
 16:	0.004  0.011  0.004  0.903  0.004  0.007  0.002  0.035  0.005  0.009  0.005  0.010	9
 17:	0.002  0.002  0.002  0.978  0.001  0.001  0.002  0.003  0.001  0.001  0.005  0.002	14

  1:	0.002  0.003  0.001  0.003  0.004  0.001  0.004  0.002  0.002  0.973  0.002  0.003	24
  2:	0.008  0.931  0.004  0.007  0.006  0.010  0.017  0.002  0.003  0.006  0.003  0.002	10
  3:	0.003  0.726  0.002  0.005  0.244  0.002  0.008  0.002  0.002  0.003  0.001  0.003	24
  4:	0.009  0.948  0.002  0.005  0.004  0.003  0.008  0.003  0.002  0.009  0.002  0.005	22
  5:	0.011  0.054  0.002  0.025  0.032  0.008  0.843  0.002  0.003  0.011  0.002  0.007	22
  6:	0.026  0.011  0.004  0.924  0.008  0.002  0.006  0.002  0.002  0.005  0.002  0.009	24
  7:	0.006  0.015  0.002  0.004  0.948  0.003  0.003  0.002  0.002  0.010  0.002  0.003	24
  8:	0.003  0.004  0.003  0.008  0.095  0.003  0.003  0.002  0.131  0.003  0.133  0.612	24
  9:	0.927  0.014  0.002  0.014  0.004  0.002  0.016  0.002  0.002  0.011  0.001  0.005	11
 10:	0.003  0.003  0.002  0.121  0.017  0.002  0.004  0.002  0.071  0.003  0.679  0.091	24
 11:	0.001  0.001  0.007  0.002  0.002  0.005  0.001  0.973  0.003  0.001  0.002  0.002	24
 12:	0.023  0.002  0.004  0.016  0.001  0.938  0.002  0.003  0.002  0.004  0.002  0.002	24
 13:	0.004  0.002  0.007  0.003  0.003  0.003  0.004  0.013  0.925  0.003  0.030  0.003	24
 14:	0.005  0.003  0.014  0.007  0.007  0.006  0.003  0.005  0.932  0.011  0.004  0.003	24
 15:	0.003  0.002  0.010  0.004  0.002  0.935  0.007  0.010  0.004  0.007  0.010  0.005	24
 16:	0.004  0.009  0.906  0.009  0.008  0.005  0.004  0.005  0.034  0.002  0.005  0.010	9
 17:	0.001  0.001  0.979  0.001  0.001  0.002  0.002  0.001  0.003  0.002  0.005  0.002	14

  1:	0.003  0.004  0.001  0.003  0.002  0.001  0.002  0.003  0.003  0.973  0.004  0.002	24
  2:	0.008  0.006  0.004  0.002  0.003  0.003  0.007  0.935  0.007  0.006  0.016  0.003	10
  3:	0.003  0.244  0.002  0.003  0.001  0.002  0.002  0.725  0.005  0.003  0.008  0.002	24
  4:	0.010  0.004  0.002  0.005  0.002  0.002  0.003  0.947  0.005  0.009  0.009  0.002	22
  5:	0.011  0.032  0.002  0.007  0.002  0.003  0.004  0.055  0.026  0.011  0.843  0.003	22
  6:	0.027  0.008  0.003  0.009  0.002  0.005  0.002  0.012  0.919  0.005  0.006  0.002	24
  7:	0.006  0.948  0.002  0.003  0.002  0.003  0.002  0.015  0.004  0.010  0.003  0.002	24
  8:	0.003  0.096  0.003  0.612  0.132  0.003  0.003  0.004  0.008  0.003  0.003  0.130	24
  9:	0.926  0.004  0.002  0.005  0.001  0.006  0.002  0.013  0.014  0.011  0.015  0.002	11
 10:	0.003  0.017  0.002  0.091  0.679  0.003  0.002  0.003  0.121  0.003  0.004  0.071	24
 11:	0.002  0.005  0.005  0.002  0.003  0.024  0.945  0.002  0.003  0.002  0.003  0.005	24
 12:	0.022  0.002  0.006  0.002  0.002  0.002  0.938  0.002  0.016  0.004  0.002  0.002	24
 13:	0.004  0.003  0.012  0.003  0.030  0.003  0.011  0.002  0.003  0.003  0.004  0.924	24
 14:	0.005  0.007  0.007  0.003  0.004  0.014  0.007  0.003  0.007  0.011  0.003  0.928	24
 15:	0.003  0.002  0.002  0.006  0.009  0.006  0.944  0.003  0.005  0.008  0.005  0.006	24
 16:	0.002  0.002  0.025  0.008  0.008  0.926  0.003  0.004  0.005  0.002  0.002  0.014	9
 17:	0.001  0.001  0.968  0.002  0.003  0.014  0.001  0.001  0.002  0.002  0.002  0.002	14

  1:	0.002  0.003  0.003  0.003  0.002  0.973  0.002  0.002  0.004  0.001  0.004  0.001	24
  2:	0.009  0.009  0.929  0.003  0.007  0.005  0.004  0.005  0.016  0.005  0.005  0.003	10
  3:	0.004  0.003  0.732  0.002  0.003  0.002  0.002  0.002  0.005  0.002  0.242  0.002	24
  4:	0.964  0.003  0.004  0.003  0.003  0.005  0.002  0.002  0.005  0.003  0.004  0.002	22
  5:	0.031  0.018  0.028  0.006  0.009  0.010  0.003  0.023  0.834  0.002  0.033  0.002	22
  6:	0.005  0.919  0.015  0.009  0.024  0.005  0.002  0.002  0.006  0.002  0.007  0.003	24
  7:	0.011  0.004  0.006  0.003  0.006  0.011  0.002  0.003  0.003  0.002  0.948  0.002	24
  8:	0.004  0.008  0.004  0.584  0.004  0.003  0.286  0.003  0.003  0.002  0.096  0.003	24
  9:	0.029  0.015  0.007  0.005  0.912  0.010  0.002  0.002  0.011  0.002  0.004  0.002	11
 10:	0.003  0.121  0.003  0.088  0.004  0.003  0.748  0.002  0.004  0.003  0.018  0.003	24
 11:	0.002  0.003  0.002  0.001  0.002  0.002  0.003  0.003  0.002  0.965  0.003  0.013	24
 12:	0.002  0.017  0.002  0.002  0.022  0.004  0.002  0.941  0.002  0.004  0.001  0.002	24
 13:	0.003  0.004  0.002  0.003  0.006  0.004  0.944  0.006  0.006  0.011  0.003  0.008	24
 14:	0.003  0.010  0.004  0.004  0.005  0.013  0.905  0.008  0.004  0.007  0.013  0.023	24
 15:	0.003  0.004  0.002  0.004  0.002  0.007  0.006  0.011  0.004  0.949  0.002  0.005	24
 16:	0.007  0.010  0.009  0.008  0.004  0.002  0.025  0.006  0.004  0.003  0.008  0.914	9
 17:	0.001  0.001  0.001  0.002  0.001  0.002  0.004  0.002  0.002  0.001  0.001  0.981	14

  1:	0.003  0.002  0.004  0.004  0.975  0.001  0.003  0.001  0.002  0.002  0.002  0.001	24
  2:	0.019  0.001  0.049  0.885  0.003  0.013  0.002  0.004  0.002  0.015  0.003  0.002	10
  3:	0.005  0.002  0.015  0.957  0.002  0.003  0.003  0.002  0.002  0.007  0.002  0.002	24
  4:	0.003  0.002  0.004  0.004  0.005  0.004  0.003  0.002  0.002  0.968  0.002  0.002	22
  5:	0.015  0.002  0.843  0.054  0.009  0.003  0.007  0.028  0.002  0.031  0.003  0.002	22
  6:	0.939  0.002  0.006  0.021  0.004  0.002  0.011  0.003  0.002  0.005  0.002  0.004	24
  7:	0.006  0.003  0.002  0.927  0.024  0.001  0.010  0.003  0.003  0.015  0.003  0.003	24
  8:	0.007  0.131  0.003  0.076  0.004  0.002  0.634  0.003  0.002  0.004  0.132  0.003	24
  9:	0.859  0.002  0.005  0.006  0.036  0.002  0.003  0.001  0.002  0.080  0.003  0.002	11
 10:	0.122  0.678  0.003  0.018  0.003  0.003  0.094  0.002  0.002  0.003  0.071  0.002	24
 11:	0.002  0.002  0.001  0.002  0.001  0.010  0.002  0.002  0.968  0.001  0.003  0.007	24
 12:	0.037  0.002  0.002  0.002  0.003  0.004  0.002  0.939  0.003  0.002  0.002  0.002	24
 13:	0.004  0.031  0.004  0.002  0.003  0.002  0.003  0.005  0.013  0.002  0.924  0.007	24
 14:	0.006  0.004  0.003  0.006  0.011  0.004  0.003  0.005  0.005  0.003  0.936  0.014	24
 15:	0.003  0.011  0.006  0.002  0.006  0.931  0.003  0.009  0.011  0.002  0.003  0.014	24
 16:	0.008  0.005  0.004  0.007  0.002  0.003  0.008  0.005  0.005  0.007  0.032  0.912	9
 17:	0.001  0.005  0.002  0.001  0.002  0.001  0.002  0.002  0.001  0.001  0.003  0.978	14

