  1:	0.002  0.002  0.001  0.004  0.003  0.002  0.972  0.003  0.004  0.001  0.002  0.001  0.003	24
  2:	0.008  0.004  0.003  0.016  0.003  0.003  0.005  0.930  0.005  0.005  0.005  0.003  0.010	10
  3:	0.004  0.001  0.001  0.005  0.002  0.001  0.002  0.732  0.242  0.002  0.002  0.002  0.003	24
  4:	0.964  0.002  0.001  0.005  0.003  0.002  0.005  0.004  0.004  0.003  0.002  0.002  0.003	22
  5:	0.032  0.003  0.002  0.835  0.006  0.002  0.011  0.029  0.034  0.002  0.025  0.003  0.016	22
  6:	0.005  0.002  0.003  0.006  0.011  0.002  0.004  0.015  0.009  0.002  0.002  0.005  0.934	24
  7:	0.012  0.002  0.002  0.003  0.003  0.002  0.010  0.006  0.946  0.002  0.003  0.003  0.008	24
  8:	0.004  0.130  0.003  0.003  0.611  0.133  0.003  0.003  0.097  0.002  0.003  0.003  0.005	24
  9:	0.079  0.003  0.002  0.005  0.003  0.002  0.036  0.008  0.004  0.002  0.001  0.002  0.854	11
 10:	0.003  0.070  0.002  0.004  0.092  0.678  0.003  0.003  0.017  0.003  0.002  0.003  0.122	24
 11:	0.002  0.003  0.006  0.002  0.001  0.002  0.002  0.002  0.003  0.958  0.003  0.014  0.003	24
 12:	0.002  0.002  0.002  0.002  0.002  0.002  0.003  0.002  0.001  0.003  0.938  0.002  0.038	24
 13:	0.003  0.922  0.012  0.004  0.003  0.031  0.003  0.002  0.003  0.008  0.005  0.003  0.004	24
 14:	0.003  0.927  0.007  0.003  0.003  0.004  0.011  0.003  0.007  0.005  0.005  0.014  0.007	24
 15:	0.003  0.005  0.003  0.005  0.005  0.006  0.007  0.002  0.002  0.944  0.011  0.005  0.003	24
 16:	0.005  0.011  0.020  0.002  0.007  0.007  0.002  0.002  0.002  0.002  0.005  0.931  0.004	9
 17:	0.002  0.002  0.965  0.002  0.002  0.003  0.002  0.001  0.001  0.001  0.002  0.015  0.002	14

  1:	0.971  0.003  0.004  0.004  0.002  0.001  0.003  0.002  0.002  0.002  0.003  0.002  0.001	24
  2:	0.005  0.003  0.005  0.015  0.003  0.003  0.930  0.004  0.005  0.007  0.009  0.009  0.003	10
  3:	0.002  0.002  0.242  0.005  0.001  0.002  0.730  0.001  0.002  0.003  0.003  0.004  0.002	24
  4:	0.005  0.003  0.004  0.005  0.002  0.002  0.004  0.002  0.003  0.003  0.003  0.962  0.001	22
  5:	0.010  0.006  0.033  0.834  0.002  0.003  0.032  0.003  0.004  0.010  0.024  0.037  0.002	22
  6:	0.005  0.009  0.007  0.006  0.002  0.005  0.016  0.002  0.002  0.025  0.912  0.006  0.003	24
  7:	0.010  0.003  0.947  0.003  0.002  0.003  0.006  0.002  0.002  0.006  0.004  0.011  0.002	24
  8:	0.003  0.608  0.096  0.003  0.132  0.003  0.003  0.131  0.002  0.003  0.007  0.004  0.003	24
  9:	0.011  0.005  0.004  0.011  0.001  0.005  0.007  0.002  0.002  0.909  0.015  0.027  0.002	11
 10:	0.003  0.091  0.017  0.004  0.678  0.003  0.003  0.070  0.002  0.003  0.120  0.003  0.002	24
 11:	0.002  0.002  0.005  0.003  0.003  0.024  0.002  0.005  0.944  0.002  0.003  0.002  0.005	24
 12:	0.004  0.002  0.002  0.002  0.002  0.002  0.002  0.002  0.936  0.021  0.017  0.002  0.006	24
 13:	0.003  0.003  0.003  0.004  0.030  0.003  0.002  0.922  0.010  0.004  0.003  0.002  0.012	24
 14:	0.011  0.003  0.007  0.003  0.004  0.014  0.003  0.926  0.007  0.005  0.007  0.003  0.007	24
 15:	0.008  0.006  0.002  0.005  0.009  0.006  0.002  0.006  0.941  0.003  0.005  0.004  0.002	24
 16:	0.002  0.007  0.002  0.002  0.009  0.922  0.002  0.014  0.003  0.002  0.005  0.005  0.025	9
 17:	0.002  0.002  0.001  0.002  0.003  0.015  0.001  0.002  0.001  0.001  0.002  0.002  0.965	14

  1:	0.002  0.002  0.002  0.003  0.002  0.001  0.001  0.002  0.004  0.970  0.004  0.003  0.003	24
  2:	0.007  0.009  0.004  0.003  0.002  0.003  0.007  0.003  0.005  0.005  0.016  0.009  0.927	10
  3:	0.003  0.004  0.001  0.002  0.002  0.002  0.002  0.001  0.242  0.002  0.005  0.003  0.731	24
  4:	0.003  0.962  0.002  0.003  0.002  0.002  0.003  0.002  0.004  0.005  0.005  0.003  0.004	22
  5:	0.010  0.036  0.003  0.006  0.002  0.002  0.007  0.002  0.033  0.010  0.834  0.023  0.032	22
  6:	0.024  0.006  0.002  0.009  0.002  0.003  0.002  0.002  0.007  0.005  0.006  0.917  0.015	24
  7:	0.006  0.011  0.002  0.003  0.002  0.002  0.003  0.002  0.946  0.010  0.003  0.004  0.006	24
  8:	0.003  0.004  0.132  0.608  0.002  0.003  0.003  0.132  0.096  0.003  0.003  0.007  0.003	24
  9:	0.909  0.029  0.002  0.005  0.002  0.002  0.002  0.001  0.004  0.011  0.011  0.016  0.007	11
 10:	0.003  0.003  0.071  0.091  0.002  0.002  0.002  0.678  0.017  0.003  0.004  0.120  0.003	24
 11:	0.001  0.001  0.003  0.002  0.971  0.007  0.005  0.002  0.002  0.001  0.001  0.002  0.001	24
 12:	0.021  0.002  0.002  0.002  0.003  0.004  0.937  0.002  0.001  0.004  0.002  0.017  0.002	24
 13:	0.004  0.002  0.923  0.003  0.013  0.007  0.003  0.030  0.003  0.003  0.004  0.003  0.002	24
 14:	0.004  0.003  0.929  0.003  0.005  0.014  0.006  0.004  0.007  0.011  0.003  0.007  0.003	24
 15:	0.003  0.003  0.004  0.005  0.010  0.010  0.933  0.010  0.002  0.007  0.006  0.004  0.002	24
 16:	0.004  0.007  0.034  0.009  0.005  0.902  0.005  0.006  0.008  0.002  0.004  0.009  0.007	9
 17:	0.001  0.001  0.003  0.002  0.001  0.977  0.002  0.005  0.001  0.002  0.002  0.001  0.001	14

  1:	0.972  0.002  0.004  0.002  0.002  0.001  0.003  0.001  0.004  0.001  0.003  0.002  0.003	24
  2:	0.005  0.004  0.016  0.003  0.005  0.003  0.010  0.005  0.005  0.003  0.930  0.008  0.003	10
  3:	0.002  0.001  0.005  0.001  0.002  0.001  0.003  0.002  0.242  0.002  0.732  0.004  0.002	24
  4:	0.005  0.002  0.005  0.002  0.002  0.001  0.003  0.003  0.004  0.002  0.004  0.964  0.003	22
  5:	0.011  0.003  0.835  0.002  0.025  0.002  0.016  0.002  0.034  0.003  0.029  0.032  0.006	22
  6:	0.004  0.002  0.006  0.002  0.002  0.003  0.934  0.002  0.009  0.005  0.015  0.005  0.011	24
  7:	0.010  0.002  0.003  0.002  0.003  0.002  0.008  0.002  0.946  0.003  0.006  0.012  0.003	24
  8:	0.003  0.130  0.003  0.133  0.003  0.003  0.005  0.002  0.097  0.003  0.003  0.004  0.611	24
  9:	0.036  0.003  0.005  0.002  0.001  0.001  0.854  0.002  0.004  0.002  0.008  0.080  0.003	11
 10:	0.003  0.070  0.004  0.679  0.002  0.002  0.122  0.003  0.017  0.003  0.003  0.003  0.092	24
 11:	0.002  0.003  0.002  0.002  0.003  0.006  0.003  0.958  0.003  0.014  0.002  0.002  0.001	24
 12:	0.003  0.002  0.002  0.002  0.939  0.002  0.038  0.003  0.001  0.002  0.002  0.002  0.002	24
 13:	0.003  0.922  0.004  0.031  0.005  0.011  0.004  0.008  0.003  0.003  0.002  0.003  0.003	24
 14:	0.011  0.928  0.003  0.004  0.005  0.007  0.007  0.005  0.007  0.014  0.003  0.003  0.003	24
 15:	0.007  0.005  0.005  0.006  0.011  0.003  0.003  0.945  0.002  0.005  0.002  0.003  0.005	24
 16:	0.002  0.011  0.002  0.007  0.005  0.020  0.004  0.002  0.002  0.931  0.002  0.004  0.007	9
 17:	0.002  0.002  0.002  0.003  0.002  0.965  0.002  0.001  0.001  0.015  0.001  0.002  0.002	14

  1:	0.002  0.001  0.002  0.002  0.971  0.003  0.003  0.004  0.004  0.001  0.001  0.002  0.003	24
  2:	0.003  0.010  0.002  0.003  0.006  0.002  0.007  0.016  0.006  0.004  0.003  0.008  0.929	10
  3:	0.001  0.002  0.002  0.001  0.003  0.003  0.005  0.008  0.244  0.002  0.002  0.003  0.725	24
  4:	0.002  0.003  0.003  0.002  0.009  0.005  0.005  0.008  0.004  0.002  0.002  0.009  0.947	22
  5:	0.002  0.007  0.002  0.003  0.011  0.007  0.025  0.840  0.032  0.002  0.003  0.011  0.054	22
  6:	0.002  0.002  0.002  0.002  0.005  0.009  0.918  0.006  0.008  0.003  0.005  0.027  0.012	24
  7:	0.002  0.003  0.002  0.002  0.010  0.003  0.004  0.003  0.945  0.002  0.003  0.006  0.016	24
  8:	0.131  0.003  0.002  0.131  0.003  0.610  0.008  0.003  0.095  0.003  0.003  0.003  0.004	24
  9:	0.001  0.002  0.002  0.002  0.011  0.005  0.014  0.015  0.004  0.002  0.006  0.923  0.013	11
 10:	0.677  0.002  0.002  0.071  0.003  0.091  0.121  0.004  0.017  0.002  0.003  0.003  0.003	24
 11:	0.002  0.005  0.971  0.003  0.001  0.002  0.002  0.001  0.002  0.003  0.005  0.001  0.001	24
 12:	0.002  0.936  0.003  0.002  0.004  0.002  0.016  0.002  0.001  0.004  0.003  0.023  0.002	24
 13:	0.029  0.003  0.013  0.918  0.003  0.003  0.003  0.004  0.003  0.011  0.003  0.004  0.002	24
 14:	0.004  0.006  0.005  0.925  0.012  0.003  0.007  0.003  0.007  0.007  0.014  0.005  0.003	24
 15:	0.010  0.932  0.009  0.004  0.007  0.005  0.004  0.006  0.002  0.004  0.012  0.003  0.002	24
 16:	0.006  0.004  0.003  0.012  0.002  0.007  0.006  0.002  0.002  0.020  0.930  0.002  0.003	9
 17:	0.003  0.001  0.001  0.002  0.002  0.002  0.002  0.002  0.001  0.965  0.016  0.001  0.001	14

