  1:	0.005  0.004  0.992	24
  2:	0.002  0.008  0.989	10
  3:	0.003  0.003  0.994	24
  4:	0.002  0.005  0.993	22
  5:	0.005  0.017  0.978	22
  6:	0.016  0.004  0.980	24
  7:	0.007  0.003  0.990	24
  8:	0.476  0.019  0.504	24
  9:	0.004  0.004  0.992	11
 10:	0.788  0.007  0.205	24
 11:	0.008  0.989  0.003	24
 12:	0.003  0.958  0.039	24
 13:	0.970  0.026  0.004	24
 14:	0.984  0.009  0.008	24
 15:	0.016  0.971  0.014	24
 16:	0.956  0.017  0.027	9
 17:	0.994  0.003  0.003	14

  1:	0.992  0.005  0.003	24
  2:	0.990  0.002  0.008	10
  3:	0.994  0.003  0.003	24
  4:	0.993  0.002  0.005	22
  5:	0.978  0.005  0.017	22
  6:	0.980  0.016  0.004	24
  7:	0.990  0.007  0.003	24
  8:	0.504  0.476  0.020	24
  9:	0.992  0.004  0.004	11
 10:	0.205  0.788  0.007	24
 11:	0.003  0.008  0.989	24
 12:	0.039  0.003  0.958	24
 13:	0.004  0.970  0.026	24
 14:	0.007  0.984  0.009	24
 15:	0.013  0.016  0.971	24
 16:	0.027  0.956  0.017	9
 17:	0.003  0.994  0.003	14

  1:	0.003  0.990  0.008	24
  2:	0.007  0.039  0.954	10
  3:	0.004  0.010  0.987	24
  4:	0.004  0.988  0.008	22
  5:	0.017  0.896  0.087	22
  6:	0.013  0.909  0.078	24
  7:	0.004  0.032  0.965	24
  8:	0.437  0.456  0.107	24
  9:	0.004  0.985  0.011	11
 10:	0.772  0.193  0.034	24
 11:	0.988  0.004  0.008	24
 12:	0.953  0.044  0.003	24
 13:	0.992  0.004  0.004	24
 14:	0.983  0.009  0.008	24
 15:	0.984  0.014  0.003	24
 16:	0.956  0.020  0.024	9
 17:	0.990  0.005  0.005	14

  1:	0.003  0.003  0.994	24
  2:	0.007  0.004  0.990	10
  3:	0.004  0.003  0.994	24
  4:	0.003  0.004  0.993	22
  5:	0.038  0.022  0.940	22
  6:	0.012  0.007  0.981	24
  7:	0.010  0.004  0.986	24
  8:	0.019  0.442  0.539	24
  9:	0.002  0.005  0.993	11
 10:	0.004  0.788  0.209	24
 11:	0.015  0.982  0.004	24
 12:	0.955  0.005  0.041	24
 13:	0.020  0.974  0.006	24
 14:	0.025  0.966  0.009	24
 15:	0.015  0.975  0.010	24
 16:	0.925  0.035  0.041	9
 17:	0.992  0.006  0.002	14

  1:	0.991  0.004  0.004	24
  2:	0.989  0.004  0.006	10
  3:	0.994  0.003  0.004	24
  4:	0.993  0.003  0.004	22
  5:	0.957  0.020  0.023	22
  6:	0.983  0.008  0.009	24
  7:	0.989  0.005  0.006	24
  8:	0.519  0.467  0.014	24
  9:	0.992  0.005  0.003	11
 10:	0.205  0.790  0.005	24
 11:	0.004  0.013  0.984	24
 12:	0.041  0.004  0.955	24
 13:	0.007  0.967  0.026	24
 14:	0.013  0.956  0.031	24
 15:	0.009  0.940  0.051	24
 16:	0.036  0.039  0.925	9
 17:	0.004  0.048  0.947	14

