  1:	0.988  0.003  0.002  0.007	24
  2:	0.007  0.003  0.010  0.980	10
  3:	0.242  0.002  0.003  0.753	24
  4:	0.014  0.003  0.004  0.979	22
  5:	0.056  0.007  0.010  0.927	22
  6:	0.013  0.010  0.006  0.971	24
  7:	0.975  0.003  0.004  0.018	24
  8:	0.097  0.489  0.014  0.399	24
  9:	0.038  0.005  0.003  0.954	11
 10:	0.019  0.791  0.005  0.185	24
 11:	0.005  0.005  0.988  0.003	24
 12:	0.004  0.003  0.956  0.037	24
 13:	0.004  0.975  0.015  0.006	24
 14:	0.016  0.956  0.021  0.007	24
 15:	0.009  0.010  0.976  0.005	24
 16:	0.026  0.204  0.730  0.039	9
 17:	0.012  0.219  0.766  0.004	14

  1:	0.004  0.978  0.004  0.014	24
  2:	0.014  0.971  0.005  0.009	10
  3:	0.003  0.747  0.002  0.248	24
  4:	0.004  0.983  0.003  0.010	22
  5:	0.017  0.921  0.018  0.044	22
  6:	0.011  0.928  0.009  0.052	24
  7:	0.004  0.024  0.003  0.969	24
  8:	0.011  0.047  0.426  0.515	24
  9:	0.003  0.984  0.005  0.009	11
 10:	0.005  0.126  0.777  0.093	24
 11:	0.980  0.003  0.013  0.004	24
 12:	0.952  0.042  0.004  0.002	24
 13:	0.025  0.007  0.964  0.004	24
 14:	0.030  0.011  0.944  0.015	24
 15:	0.050  0.012  0.935  0.003	24
 16:	0.896  0.035  0.042  0.027	9
 17:	0.941  0.003  0.049  0.006	14

  1:	0.987  0.003  0.007  0.003	24
  2:	0.037  0.004  0.952  0.008	10
  3:	0.009  0.003  0.986  0.003	24
  4:	0.987  0.002  0.007  0.004	22
  5:	0.897  0.005  0.084  0.014	22
  6:	0.909  0.014  0.074  0.004	24
  7:	0.028  0.005  0.965  0.003	24
  8:	0.415  0.471  0.096  0.018	24
  9:	0.983  0.004  0.010  0.003	11
 10:	0.181  0.788  0.026  0.006	24
 11:	0.003  0.008  0.004  0.985	24
 12:	0.041  0.003  0.002  0.953	24
 13:	0.005  0.966  0.003  0.026	24
 14:	0.007  0.976  0.008  0.009	24
 15:	0.016  0.014  0.003  0.967	24
 16:	0.018  0.937  0.027  0.018	9
 17:	0.003  0.991  0.003  0.003	14

  1:	0.007  0.002  0.988  0.003	24
  2:	0.002  0.006  0.985  0.007	10
  3:	0.002  0.003  0.992  0.003	24
  4:	0.002  0.003  0.990  0.005	22
  5:	0.006  0.038  0.943  0.013	22
  6:	0.008  0.011  0.978  0.004	24
  7:	0.007  0.009  0.982  0.002	24
  8:	0.484  0.015  0.494  0.007	24
  9:	0.004  0.002  0.988  0.006	11
 10:	0.789  0.003  0.202  0.007	24
 11:	0.004  0.011  0.002  0.983	24
 12:	0.003  0.950  0.036  0.011	24
 13:	0.972  0.010  0.005  0.013	24
 14:	0.962  0.022  0.009  0.007	24
 15:	0.008  0.016  0.013  0.963	24
 16:	0.111  0.829  0.056  0.004	9
 17:	0.027  0.969  0.002  0.002	14

  1:	0.003  0.005  0.003  0.989	24
  2:	0.005  0.006  0.003  0.986	10
  3:	0.002  0.003  0.004  0.991	24
  4:	0.003  0.004  0.002  0.990	22
  5:	0.021  0.025  0.003  0.951	22
  6:	0.007  0.004  0.011  0.978	24
  7:	0.003  0.004  0.009  0.983	24
  8:	0.291  0.010  0.161  0.538	24
  9:	0.005  0.003  0.002  0.990	11
 10:	0.132  0.005  0.657  0.207	24
 11:	0.011  0.981  0.005  0.003	24
 12:	0.004  0.953  0.003  0.040	24
 13:	0.917  0.026  0.052  0.005	24
 14:	0.943  0.006  0.039  0.011	24
 15:	0.944  0.037  0.012  0.007	24
 16:	0.008  0.010  0.952  0.030	9
 17:	0.002  0.002  0.993  0.002	14

