  1:	0.005  0.002  0.007  0.003  0.983	24
  2:	0.003  0.008  0.012  0.010  0.967	10
  3:	0.002  0.003  0.257  0.003  0.735	24
  4:	0.003  0.003  0.011  0.004  0.980	22
  5:	0.008  0.003  0.075  0.011  0.902	22
  6:	0.004  0.005  0.932  0.003  0.056	24
  7:	0.004  0.006  0.976  0.003  0.011	24
  8:	0.416  0.006  0.559  0.010  0.009	24
  9:	0.006  0.002  0.589  0.004  0.399	11
 10:	0.777  0.003  0.207  0.005  0.007	24
 11:	0.004  0.010  0.005  0.978  0.002	24
 12:	0.003  0.005  0.028  0.953  0.012	24
 13:	0.965  0.010  0.004  0.016  0.005	24
 14:	0.943  0.028  0.010  0.011  0.008	24
 15:	0.012  0.006  0.004  0.963  0.014	24
 16:	0.033  0.943  0.009  0.005  0.009	9
 17:	0.004  0.991  0.002  0.002  0.001	14

  1:	0.002  0.002  0.981  0.009  0.006	24
  2:	0.003  0.007  0.005  0.009  0.977	10
  3:	0.002  0.003  0.240  0.004  0.751	24
  4:	0.002  0.004  0.006  0.983  0.005	22
  5:	0.004  0.007  0.052  0.034  0.903	22
  6:	0.014  0.003  0.013  0.047  0.923	24
  7:	0.003  0.003  0.973  0.009  0.012	24
  8:	0.477  0.014  0.091  0.011  0.406	24
  9:	0.006  0.003  0.047  0.806  0.137	11
 10:	0.783  0.006  0.016  0.007  0.188	24
 11:	0.007  0.984  0.004  0.002  0.003	24
 12:	0.003  0.955  0.003  0.029  0.010	24
 13:	0.962  0.025  0.003  0.006  0.004	24
 14:	0.968  0.009  0.014  0.004  0.005	24
 15:	0.015  0.966  0.008  0.005  0.006	24
 16:	0.930  0.017  0.019  0.016  0.017	9
 17:	0.988  0.003  0.004  0.003  0.003	14

  1:	0.004  0.982  0.002  0.007  0.005	24
  2:	0.002  0.005  0.006  0.006  0.981	10
  3:	0.002  0.003  0.003  0.247  0.745	24
  4:	0.002  0.970  0.004  0.009  0.014	22
  5:	0.005  0.031  0.008  0.039  0.917	22
  6:	0.007  0.013  0.006  0.022  0.953	24
  7:	0.003  0.018  0.004  0.962  0.013	24
  8:	0.439  0.020  0.013  0.500  0.028	24
  9:	0.009  0.379  0.003  0.013  0.595	11
 10:	0.778  0.005  0.006  0.084  0.127	24
 11:	0.004  0.003  0.984  0.005  0.003	24
 12:	0.003  0.017  0.956  0.002  0.021	24
 13:	0.974  0.005  0.013  0.003  0.005	24
 14:	0.948  0.008  0.023  0.011  0.010	24
 15:	0.009  0.012  0.972  0.003  0.004	24
 16:	0.136  0.017  0.779  0.032  0.037	9
 17:	0.152  0.004  0.827  0.012  0.004	14

  1:	0.002  0.003  0.987  0.002  0.006	24
  2:	0.012  0.003  0.006  0.004  0.975	10
  3:	0.002  0.002  0.235  0.002  0.758	24
  4:	0.003  0.002  0.937  0.005  0.053	22
  5:	0.039  0.004  0.046  0.006  0.904	22
  6:	0.003  0.012  0.014  0.003  0.968	24
  7:	0.004  0.003  0.981  0.002  0.010	24
  8:	0.012  0.481  0.093  0.008  0.407	24
  9:	0.002  0.006  0.355  0.003  0.634	11
 10:	0.002  0.785  0.018  0.007  0.188	24
 11:	0.004  0.008  0.002  0.984  0.002	24
 12:	0.951  0.003  0.009  0.014  0.023	24
 13:	0.008  0.967  0.004  0.017  0.004	24
 14:	0.007  0.973  0.009  0.006  0.005	24
 15:	0.012  0.011  0.006  0.964  0.006	24
 16:	0.044  0.913  0.019  0.006  0.018	9
 17:	0.007  0.985  0.003  0.002  0.003	14

  1:	0.003  0.982  0.006  0.003  0.006	24
  2:	0.015  0.926  0.046  0.009  0.004	10
  3:	0.003  0.759  0.010  0.226  0.002	24
  4:	0.005  0.974  0.013  0.004  0.003	22
  5:	0.008  0.058  0.918  0.010  0.005	22
  6:	0.003  0.016  0.968  0.009  0.004	24
  7:	0.006  0.059  0.032  0.900  0.003	24
  8:	0.008  0.009  0.440  0.099  0.443	24
  9:	0.002  0.162  0.828  0.004  0.004	11
 10:	0.005  0.005  0.194  0.013  0.783	24
 11:	0.973  0.002  0.003  0.018  0.004	24
 12:	0.951  0.005  0.039  0.003  0.003	24
 13:	0.017  0.004  0.007  0.005  0.967	24
 14:	0.011  0.008  0.008  0.026  0.947	24
 15:	0.965  0.009  0.009  0.005  0.011	24
 16:	0.010  0.005  0.004  0.887  0.095	9
 17:	0.009  0.002  0.002  0.868  0.120	14

