  1:	0.002  0.006  0.982  0.002  0.002  0.007	24
  2:	0.004  0.007  0.008  0.010  0.003  0.967	10
  3:	0.002  0.004  0.243  0.002  0.002  0.746	24
  4:	0.003  0.012  0.009  0.003  0.002  0.971	22
  5:	0.007  0.032  0.053  0.026  0.007  0.876	22
  6:	0.002  0.952  0.007  0.005  0.003  0.030	24
  7:	0.003  0.013  0.969  0.004  0.003  0.009	24
  8:	0.005  0.438  0.089  0.010  0.449  0.009	24
  9:	0.003  0.889  0.021  0.002  0.003  0.082	11
 10:	0.005  0.188  0.017  0.003  0.781  0.007	24
 11:	0.978  0.002  0.002  0.012  0.003  0.002	24
 12:	0.006  0.041  0.002  0.947  0.002  0.002	24
 13:	0.013  0.005  0.004  0.010  0.964  0.004	24
 14:	0.007  0.007  0.014  0.020  0.947  0.005	24
 15:	0.961  0.006  0.007  0.015  0.008  0.003	24
 16:	0.004  0.043  0.028  0.751  0.139  0.036	9
 17:	0.002  0.002  0.004  0.963  0.028  0.002	14

  1:	0.004  0.016  0.002  0.002  0.974  0.002	24
  2:	0.003  0.107  0.006  0.011  0.870  0.002	10
  3:	0.003  0.039  0.002  0.003  0.950  0.002	24
  4:	0.002  0.983  0.003  0.003  0.007  0.003	22
  5:	0.005  0.885  0.039  0.008  0.061  0.002	22
  6:	0.005  0.950  0.003  0.002  0.033  0.007	24
  7:	0.004  0.007  0.004  0.002  0.979  0.004	24
  8:	0.479  0.411  0.009  0.006  0.091  0.005	24
  9:	0.003  0.954  0.001  0.003  0.037  0.002	11
 10:	0.787  0.182  0.002  0.005  0.021  0.003	24
 11:	0.003  0.002  0.003  0.976  0.002  0.013	24
 12:	0.003  0.039  0.948  0.005  0.003  0.003	24
 13:	0.963  0.005  0.007  0.012  0.004  0.010	24
 14:	0.941  0.005  0.008  0.007  0.012  0.027	24
 15:	0.006  0.006  0.012  0.964  0.006  0.005	24
 16:	0.027  0.009  0.007  0.004  0.007  0.946	9
 17:	0.004  0.001  0.002  0.001  0.001  0.990	14

  1:	0.002  0.980  0.008  0.002  0.004  0.004	24
  2:	0.006  0.005  0.006  0.006  0.974  0.002	10
  3:	0.002  0.003  0.248  0.002  0.743  0.002	24
  4:	0.005  0.971  0.005  0.002  0.015  0.002	22
  5:	0.008  0.026  0.043  0.003  0.916  0.005	22
  6:	0.003  0.023  0.015  0.011  0.942  0.006	24
  7:	0.003  0.014  0.971  0.002  0.008  0.002	24
  8:	0.011  0.007  0.105  0.006  0.399  0.471	24
  9:	0.004  0.714  0.010  0.003  0.258  0.011	11
 10:	0.005  0.005  0.021  0.003  0.182  0.785	24
 11:	0.974  0.002  0.006  0.011  0.003  0.004	24
 12:	0.954  0.022  0.002  0.005  0.015  0.003	24
 13:	0.016  0.005  0.003  0.009  0.004  0.962	24
 14:	0.010  0.008  0.012  0.028  0.007  0.934	24
 15:	0.964  0.013  0.003  0.006  0.005  0.010	24
 16:	0.005  0.005  0.009  0.939  0.013  0.029	9
 17:	0.002  0.002  0.002  0.990  0.001  0.004	14

  1:	0.007  0.002  0.002  0.006  0.002  0.982	24
  2:	0.967  0.010  0.003  0.008  0.005  0.008	10
  3:	0.746  0.002  0.002  0.004  0.002  0.243	24
  4:	0.971  0.003  0.002  0.012  0.003  0.009	22
  5:	0.876  0.025  0.007  0.032  0.007  0.053	22
  6:	0.030  0.005  0.003  0.953  0.002  0.007	24
  7:	0.009  0.004  0.003  0.013  0.003  0.969	24
  8:	0.009  0.010  0.449  0.438  0.005  0.089	24
  9:	0.082  0.002  0.003  0.889  0.003  0.021	11
 10:	0.007  0.003  0.781  0.188  0.005  0.017	24
 11:	0.002  0.012  0.003  0.002  0.978  0.002	24
 12:	0.002  0.946  0.002  0.041  0.006  0.002	24
 13:	0.004  0.010  0.964  0.005  0.013  0.004	24
 14:	0.005  0.020  0.947  0.007  0.007  0.014	24
 15:	0.003  0.015  0.008  0.006  0.961  0.007	24
 16:	0.036  0.751  0.138  0.042  0.004  0.029	9
 17:	0.002  0.963  0.028  0.002  0.002  0.004	14

  1:	0.002  0.001  0.005  0.006  0.002  0.982	24
  2:	0.003  0.006  0.007  0.971  0.006  0.008	10
  3:	0.002  0.002  0.004  0.746  0.002  0.244	24
  4:	0.002  0.003  0.012  0.971  0.003  0.009	22
  5:	0.007  0.003  0.036  0.894  0.007  0.053	22
  6:	0.003  0.005  0.953  0.030  0.002  0.007	24
  7:	0.003  0.004  0.013  0.009  0.003  0.969	24
  8:	0.450  0.005  0.439  0.009  0.008  0.089	24
  9:	0.003  0.002  0.891  0.080  0.002  0.021	11
 10:	0.781  0.003  0.188  0.006  0.004  0.018	24
 11:	0.004  0.010  0.003  0.002  0.977  0.004	24
 12:	0.002  0.004  0.041  0.002  0.948  0.002	24
 13:	0.961  0.010  0.005  0.004  0.016  0.004	24
 14:	0.937  0.026  0.007  0.004  0.011  0.015	24
 15:	0.011  0.006  0.007  0.004  0.966  0.007	24
 16:	0.029  0.941  0.007  0.013  0.005  0.006	9
 17:	0.004  0.990  0.001  0.001  0.002  0.002	14

