  1:	0.981  0.002  0.005  0.001  0.006  0.002  0.002	24
  2:	0.008  0.003  0.007  0.005  0.963  0.010  0.004	10
  3:	0.243  0.002  0.004  0.002  0.745  0.002  0.002	24
  4:	0.009  0.002  0.011  0.003  0.969  0.002  0.003	22
  5:	0.052  0.007  0.029  0.003  0.870  0.034  0.006	22
  6:	0.007  0.003  0.952  0.005  0.030  0.003  0.002	24
  7:	0.966  0.003  0.013  0.004  0.008  0.004  0.002	24
  8:	0.089  0.445  0.440  0.004  0.009  0.008  0.005	24
  9:	0.020  0.003  0.891  0.002  0.080  0.002  0.003	11
 10:	0.017  0.779  0.188  0.003  0.006  0.002  0.004	24
 11:	0.002  0.003  0.002  0.013  0.002  0.003  0.975	24
 12:	0.002  0.003  0.041  0.002  0.002  0.947  0.003	24
 13:	0.004  0.960  0.005  0.009  0.004  0.007  0.012	24
 14:	0.014  0.934  0.007  0.026  0.004  0.009  0.007	24
 15:	0.007  0.007  0.006  0.005  0.003  0.012  0.961	24
 16:	0.006  0.026  0.007  0.939  0.012  0.007  0.004	9
 17:	0.002  0.004  0.001  0.989  0.001  0.002  0.001	14

  1:	0.007  0.003  0.004  0.002  0.002  0.006  0.977	24
  2:	0.006  0.003  0.008  0.008  0.004  0.964  0.007	10
  3:	0.247  0.002  0.003  0.002  0.002  0.741  0.003	24
  4:	0.005  0.002  0.012  0.003  0.005  0.014  0.960	22
  5:	0.040  0.004  0.029  0.035  0.004  0.859  0.029	22
  6:	0.009  0.005  0.946  0.003  0.002  0.029  0.007	24
  7:	0.963  0.002  0.007  0.003  0.002  0.006  0.017	24
  8:	0.118  0.411  0.444  0.010  0.005  0.008  0.004	24
  9:	0.007  0.003  0.768  0.002  0.003  0.015  0.203	11
 10:	0.023  0.771  0.191  0.002  0.004  0.005  0.004	24
 11:	0.003  0.008  0.002  0.004  0.979  0.002  0.002	24
 12:	0.002  0.003  0.038  0.947  0.004  0.002  0.005	24
 13:	0.003  0.960  0.005  0.007  0.017  0.004  0.003	24
 14:	0.009  0.962  0.005  0.007  0.006  0.004  0.007	24
 15:	0.002  0.010  0.005  0.012  0.959  0.003  0.009	24
 16:	0.020  0.890  0.018  0.043  0.005  0.013  0.011	9
 17:	0.003  0.980  0.003  0.006  0.002  0.002  0.003	14

  1:	0.003  0.002  0.003  0.985  0.003  0.003  0.002	24
  2:	0.015  0.006  0.002  0.003  0.882  0.090  0.002	10
  3:	0.008  0.003  0.003  0.002  0.970  0.012  0.002	24
  4:	0.979  0.003  0.003  0.005  0.004  0.004  0.002	22
  5:	0.042  0.005  0.006  0.013  0.054  0.877  0.003	22
  6:	0.006  0.002  0.012  0.004  0.026  0.944  0.005	24
  7:	0.016  0.002  0.022  0.026  0.926  0.005  0.003	24
  8:	0.003  0.003  0.690  0.004  0.071  0.005  0.224	24
  9:	0.096  0.002  0.003  0.058  0.008  0.831  0.003	11
 10:	0.003  0.003  0.110  0.005  0.017  0.125  0.737	24
 11:	0.002  0.980  0.002  0.002  0.003  0.004  0.007	24
 12:	0.003  0.949  0.002  0.003  0.002  0.038  0.003	24
 13:	0.003  0.021  0.003  0.003  0.002  0.006  0.960	24
 14:	0.003  0.008  0.005  0.014  0.007  0.005  0.958	24
 15:	0.004  0.962  0.006  0.009  0.003  0.005  0.011	24
 16:	0.016  0.014  0.003  0.003  0.019  0.022  0.923	9
 17:	0.003  0.003  0.002  0.003  0.002  0.003  0.984	14

  1:	0.004  0.005  0.002  0.002  0.982  0.002  0.004	24
  2:	0.024  0.026  0.006  0.002  0.006  0.004  0.931	10
  3:	0.006  0.010  0.003  0.002  0.004  0.002  0.974	24
  4:	0.011  0.022  0.003  0.002  0.953  0.003  0.006	22
  5:	0.022  0.857  0.005  0.002  0.018  0.035  0.061	22
  6:	0.954  0.010  0.002  0.004  0.005  0.003  0.022	24
  7:	0.007  0.004  0.003  0.003  0.042  0.003  0.939	24
  8:	0.027  0.490  0.374  0.008  0.006  0.011  0.084	24
  9:	0.894  0.008  0.002  0.002  0.087  0.001  0.006	11
 10:	0.126  0.081  0.763  0.004  0.004  0.002  0.020	24
 11:	0.003  0.002  0.967  0.015  0.003  0.006  0.004	24
 12:	0.040  0.002  0.003  0.002  0.003  0.948  0.002	24
 13:	0.006  0.004  0.958  0.017  0.004  0.009  0.003	24
 14:	0.007  0.006  0.930  0.037  0.007  0.005  0.009	24
 15:	0.005  0.005  0.962  0.004  0.007  0.016  0.002	24
 16:	0.009  0.005  0.017  0.948  0.005  0.008  0.008	9
 17:	0.001  0.002  0.002  0.990  0.002  0.002  0.001	14

  1:	0.005  0.003  0.004  0.002  0.002  0.980  0.004	24
  2:	0.031  0.003  0.025  0.002  0.007  0.006  0.926	10
  3:	0.011  0.002  0.006  0.002  0.003  0.004  0.972	24
  4:	0.026  0.002  0.012  0.002  0.004  0.948  0.006	22
  5:	0.866  0.003  0.035  0.003  0.006  0.019  0.067	22
  6:	0.010  0.003  0.954  0.004  0.002  0.005  0.023	24
  7:	0.003  0.003  0.007  0.003  0.002  0.041  0.939	24
  8:	0.392  0.460  0.040  0.006  0.010  0.007  0.085	24
  9:	0.009  0.002  0.892  0.002  0.002  0.086  0.007	11
 10:	0.063  0.782  0.125  0.003  0.005  0.003  0.020	24
 11:	0.002  0.004  0.004  0.011  0.974  0.002  0.004	24
 12:	0.002  0.002  0.040  0.004  0.947  0.003  0.002	24
 13:	0.005  0.958  0.006  0.009  0.016  0.004  0.003	24
 14:	0.004  0.934  0.010  0.026  0.010  0.007  0.010	24
 15:	0.009  0.010  0.005  0.005  0.959  0.010  0.003	24
 16:	0.004  0.027  0.009  0.940  0.005  0.006  0.009	9
 17:	0.002  0.004  0.001  0.988  0.002  0.002  0.001	14

