  1:	0.002  0.002  0.006  0.002  0.004  0.009  0.965  0.010	24
  2:	0.017  0.005  0.003  0.009  0.015  0.040  0.906  0.006	10
  3:	0.002  0.002  0.002  0.002  0.005  0.012  0.728  0.247	24
  4:	0.003  0.002  0.003  0.004  0.011  0.012  0.959  0.005	22
  5:	0.033  0.003  0.003  0.003  0.019  0.879  0.026  0.036	22
  6:	0.003  0.004  0.003  0.002  0.951  0.009  0.019  0.009	24
  7:	0.003  0.002  0.002  0.002  0.006  0.003  0.018  0.963	24
  8:	0.008  0.004  0.431  0.005  0.433  0.006  0.006  0.107	24
  9:	0.002  0.002  0.003  0.003  0.823  0.011  0.151  0.006	11
 10:	0.002  0.003  0.776  0.004  0.186  0.005  0.004  0.021	24
 11:	0.003  0.014  0.003  0.971  0.002  0.002  0.002  0.004	24
 12:	0.946  0.002  0.003  0.004  0.040  0.002  0.003  0.002	24
 13:	0.007  0.010  0.953  0.012  0.005  0.007  0.004  0.003	24
 14:	0.009  0.025  0.930  0.007  0.006  0.004  0.006  0.012	24
 15:	0.012  0.005  0.007  0.957  0.004  0.008  0.006  0.002	24
 16:	0.007  0.932  0.028  0.004  0.007  0.005  0.009  0.009	9
 17:	0.002  0.987  0.004  0.001  0.001  0.002  0.001  0.002	14

  1:	0.002  0.005  0.003  0.008  0.002  0.002  0.976  0.001	24
  2:	0.003  0.009  0.953  0.008  0.006  0.010  0.008  0.004	10
  3:	0.002  0.005  0.741  0.007  0.002  0.002  0.239  0.002	24
  4:	0.002  0.007  0.966  0.009  0.004  0.002  0.007  0.002	22
  5:	0.003  0.019  0.055  0.839  0.004  0.030  0.047  0.002	22
  6:	0.003  0.960  0.013  0.010  0.002  0.003  0.006  0.004	24
  7:	0.003  0.013  0.010  0.004  0.002  0.004  0.959  0.004	24
  8:	0.443  0.037  0.008  0.406  0.007  0.009  0.086  0.005	24
  9:	0.002  0.919  0.055  0.008  0.002  0.001  0.011  0.002	11
 10:	0.778  0.125  0.003  0.068  0.005  0.002  0.016  0.003	24
 11:	0.003  0.003  0.002  0.002  0.972  0.003  0.002  0.013	24
 12:	0.003  0.040  0.002  0.002  0.003  0.946  0.002  0.002	24
 13:	0.956  0.005  0.003  0.005  0.012  0.007  0.004  0.009	24
 14:	0.928  0.010  0.004  0.004  0.007  0.008  0.014  0.024	24
 15:	0.006  0.004  0.002  0.008  0.958  0.012  0.005  0.005	24
 16:	0.026  0.008  0.012  0.004  0.004  0.007  0.006  0.934	9
 17:	0.004  0.001  0.001  0.002  0.001  0.002  0.002  0.987	14

  1:	0.003  0.981  0.002  0.002  0.004  0.003  0.004  0.002	24
  2:	0.007  0.005  0.003  0.004  0.961  0.008  0.006  0.008	10
  3:	0.003  0.002  0.002  0.002  0.739  0.003  0.247  0.002	24
  4:	0.974  0.005  0.002  0.004  0.005  0.003  0.004  0.002	22
  5:	0.034  0.020  0.003  0.008  0.840  0.027  0.037  0.030	22
  6:	0.006  0.006  0.004  0.002  0.028  0.942  0.009  0.003	24
  7:	0.013  0.012  0.002  0.002  0.006  0.007  0.955  0.003	24
  8:	0.004  0.005  0.004  0.400  0.008  0.444  0.124  0.010	24
  9:	0.146  0.061  0.002  0.003  0.010  0.769  0.006  0.002	11
 10:	0.004  0.006  0.004  0.765  0.005  0.189  0.025  0.002	24
 11:	0.002  0.002  0.977  0.009  0.002  0.002  0.002  0.003	24
 12:	0.002  0.003  0.003  0.003  0.002  0.039  0.002  0.946	24
 13:	0.004  0.005  0.014  0.956  0.004  0.006  0.004  0.008	24
 14:	0.003  0.017  0.033  0.917  0.005  0.006  0.014  0.005	24
 15:	0.005  0.007  0.030  0.924  0.003  0.005  0.002  0.024	24
 16:	0.013  0.003  0.896  0.051  0.012  0.009  0.006  0.010	9
 17:	0.003  0.004  0.963  0.017  0.002  0.003  0.004  0.004	14

  1:	0.003  0.004  0.002  0.002  0.976  0.004  0.004  0.005	24
  2:	0.004  0.030  0.005  0.012  0.897  0.016  0.006  0.029	10
  3:	0.002  0.008  0.002  0.003  0.716  0.012  0.247  0.010	24
  4:	0.002  0.003  0.002  0.003  0.005  0.975  0.004  0.006	22
  5:	0.003  0.029  0.002  0.005  0.037  0.044  0.038  0.841	22
  6:	0.003  0.951  0.004  0.002  0.016  0.005  0.009  0.010	24
  7:	0.002  0.008  0.002  0.002  0.008  0.011  0.964  0.003	24
  8:	0.443  0.027  0.006  0.011  0.005  0.006  0.110  0.393	24
  9:	0.003  0.884  0.002  0.002  0.018  0.082  0.004  0.005	11
 10:	0.778  0.124  0.003  0.004  0.003  0.003  0.021  0.064	24
 11:	0.004  0.004  0.010  0.970  0.002  0.002  0.005  0.002	24
 12:	0.002  0.040  0.004  0.945  0.002  0.003  0.002  0.002	24
 13:	0.955  0.006  0.009  0.016  0.003  0.004  0.003  0.005	24
 14:	0.926  0.010  0.025  0.010  0.009  0.003  0.013  0.004	24
 15:	0.010  0.005  0.005  0.956  0.008  0.005  0.002  0.009	24
 16:	0.031  0.008  0.929  0.005  0.007  0.008  0.008  0.004	9
 17:	0.004  0.001  0.987  0.002  0.001  0.001  0.002  0.002	14

  1:	0.004  0.001  0.983  0.002  0.003  0.003  0.001  0.003	24
  2:	0.921  0.008  0.003  0.003  0.022  0.037  0.003  0.003	10
  3:	0.971  0.003  0.002  0.002  0.006  0.012  0.002  0.003	24
  4:	0.004  0.002  0.005  0.002  0.004  0.977  0.002  0.003	22
  5:	0.069  0.006  0.010  0.005  0.031  0.850  0.022  0.008	22
  6:	0.020  0.002  0.004  0.003  0.947  0.007  0.004  0.013	24
  7:	0.929  0.002  0.028  0.003  0.008  0.007  0.003  0.020	24
  8:	0.069  0.003  0.004  0.279  0.006  0.003  0.008  0.628	24
  9:	0.006  0.002  0.035  0.002  0.889  0.061  0.002  0.003	11
 10:	0.019  0.003  0.004  0.754  0.124  0.003  0.002  0.091	24
 11:	0.003  0.975  0.002  0.003  0.003  0.002  0.012  0.001	24
 12:	0.002  0.006  0.003  0.002  0.040  0.002  0.944  0.002	24
 13:	0.003  0.011  0.004  0.961  0.005  0.005  0.008  0.003	24
 14:	0.011  0.007  0.012  0.935  0.011  0.003  0.017  0.004	24
 15:	0.002  0.956  0.008  0.006  0.004  0.003  0.015  0.005	24
 16:	0.032  0.003  0.005  0.139  0.061  0.026  0.718  0.017	9
 17:	0.002  0.002  0.004  0.028  0.002  0.002  0.958  0.002	14

