  1:	0.009  0.001  0.004  0.003  0.005  0.971  0.002  0.002  0.004	24
  2:	0.016  0.011  0.941  0.005  0.009  0.008  0.003  0.004  0.003	10
  3:	0.007  0.002  0.735  0.002  0.005  0.242  0.002  0.002  0.003	24
  4:	0.006  0.005  0.964  0.002  0.007  0.007  0.002  0.002  0.005	22
  5:	0.851  0.003  0.059  0.007  0.021  0.046  0.003  0.003  0.007	22
  6:	0.007  0.002  0.013  0.004  0.951  0.006  0.003  0.002  0.012	24
  7:	0.004  0.002  0.010  0.003  0.013  0.956  0.002  0.002  0.006	24
  8:	0.003  0.003  0.004  0.004  0.008  0.079  0.131  0.134  0.633	24
  9:	0.012  0.002  0.048  0.002  0.918  0.010  0.003  0.002  0.003	11
 10:	0.005  0.003  0.004  0.002  0.124  0.014  0.070  0.684  0.094	24
 11:	0.003  0.025  0.002  0.956  0.003  0.003  0.004  0.003  0.002	24
 12:	0.002  0.005  0.002  0.943  0.039  0.002  0.002  0.002  0.002	24
 13:	0.004  0.003  0.002  0.015  0.004  0.003  0.933  0.033  0.003	24
 14:	0.003  0.004  0.003  0.010  0.007  0.012  0.952  0.005  0.003	24
 15:	0.008  0.943  0.002  0.022  0.003  0.004  0.004  0.012  0.004	24
 16:	0.018  0.002  0.018  0.703  0.042  0.010  0.179  0.007  0.020	9
 17:	0.003  0.002  0.002  0.910  0.003  0.007  0.025  0.046  0.003	14

  1:	0.002  0.002  0.004  0.003  0.002  0.002  0.979  0.004  0.003	24
  2:	0.004  0.003  0.962  0.003  0.006  0.003  0.004  0.006  0.010	10
  3:	0.002  0.002  0.738  0.002  0.003  0.002  0.002  0.246  0.003	24
  4:	0.003  0.002  0.005  0.003  0.973  0.002  0.005  0.004  0.003	22
  5:	0.005  0.004  0.844  0.012  0.044  0.004  0.019  0.038  0.031	22
  6:	0.002  0.002  0.020  0.012  0.005  0.004  0.004  0.009  0.941	24
  7:	0.002  0.002  0.005  0.003  0.012  0.002  0.010  0.956  0.008	24
  8:	0.003  0.189  0.005  0.603  0.005  0.086  0.003  0.100  0.006	24
  9:	0.002  0.002  0.007  0.003  0.083  0.002  0.035  0.004  0.862	11
 10:	0.002  0.735  0.004  0.094  0.003  0.018  0.002  0.017  0.123	24
 11:	0.972  0.003  0.002  0.002  0.002  0.009  0.002  0.005  0.004	24
 12:	0.945  0.002  0.002  0.002  0.002  0.003  0.003  0.002  0.040	24
 13:	0.022  0.069  0.003  0.003  0.003  0.891  0.003  0.003  0.004	24
 14:	0.007  0.011  0.003  0.004  0.003  0.949  0.013  0.006  0.005	24
 15:	0.951  0.010  0.003  0.007  0.005  0.009  0.009  0.002  0.005	24
 16:	0.007  0.002  0.007  0.003  0.010  0.939  0.003  0.014  0.015	9
 17:	0.002  0.004  0.002  0.002  0.002  0.982  0.002  0.002  0.002	14

  1:	0.001  0.001  0.975  0.006  0.003  0.003  0.004  0.004  0.003	24
  2:	0.002  0.009  0.006  0.052  0.002  0.023  0.003  0.900  0.003	10
  3:	0.002  0.003  0.003  0.015  0.003  0.005  0.002  0.965  0.002	24
  4:	0.002  0.003  0.942  0.024  0.008  0.011  0.003  0.005  0.002	22
  5:	0.003  0.011  0.014  0.876  0.007  0.024  0.002  0.060  0.003	22
  6:	0.004  0.002  0.005  0.007  0.012  0.945  0.002  0.022  0.003	24
  7:	0.003  0.002  0.041  0.002  0.015  0.007  0.003  0.923  0.003	24
  8:	0.003  0.003  0.004  0.003  0.622  0.007  0.002  0.075  0.280	24
  9:	0.002  0.002  0.072  0.014  0.003  0.898  0.002  0.006  0.002	11
 10:	0.003  0.003  0.003  0.003  0.091  0.124  0.002  0.018  0.753	24
 11:	0.007  0.005  0.001  0.001  0.002  0.002  0.977  0.002  0.002	24
 12:	0.003  0.942  0.003  0.002  0.002  0.040  0.003  0.002  0.003	24
 13:	0.008  0.004  0.004  0.006  0.003  0.005  0.015  0.003  0.953	24
 14:	0.023  0.009  0.007  0.004  0.004  0.010  0.006  0.010  0.928	24
 15:	0.010  0.946  0.006  0.009  0.006  0.004  0.010  0.002  0.007	24
 16:	0.928  0.006  0.005  0.004  0.008  0.009  0.005  0.008  0.025	9
 17:	0.985  0.002  0.002  0.002  0.002  0.001  0.001  0.001  0.004	14

  1:	0.982  0.003  0.002  0.001  0.001  0.004  0.003  0.002  0.003	24
  2:	0.003  0.037  0.003  0.002  0.008  0.919  0.003  0.004  0.022	10
  3:	0.002  0.012  0.002  0.002  0.003  0.970  0.003  0.002  0.005	24
  4:	0.005  0.976  0.002  0.002  0.002  0.004  0.003  0.002  0.004	22
  5:	0.009  0.845  0.005  0.003  0.006  0.067  0.008  0.032  0.026	22
  6:	0.004  0.006  0.002  0.004  0.002  0.021  0.012  0.003  0.946	24
  7:	0.027  0.007  0.003  0.003  0.002  0.931  0.017  0.003  0.008	24
  8:	0.004  0.003  0.278  0.004  0.002  0.074  0.625  0.003  0.007	24
  9:	0.035  0.060  0.002  0.002  0.002  0.006  0.003  0.001  0.889	11
 10:	0.003  0.003  0.752  0.003  0.003  0.019  0.091  0.002  0.124	24
 11:	0.002  0.002  0.003  0.013  0.971  0.003  0.001  0.003  0.003	24
 12:	0.003  0.002  0.003  0.002  0.003  0.002  0.002  0.945  0.039	24
 13:	0.004  0.004  0.956  0.008  0.010  0.003  0.003  0.006  0.005	24
 14:	0.013  0.003  0.922  0.024  0.007  0.010  0.004  0.008  0.009	24
 15:	0.008  0.003  0.006  0.006  0.956  0.002  0.005  0.012  0.004	24
 16:	0.002  0.007  0.024  0.931  0.003  0.009  0.008  0.006  0.009	9
 17:	0.002  0.002  0.004  0.985  0.001  0.001  0.002  0.002  0.001	14

  1:	0.004  0.002  0.004  0.013  0.002  0.009  0.002  0.962  0.001	24
  2:	0.952  0.003  0.007  0.008  0.007  0.008  0.003  0.007  0.004	10
  3:	0.737  0.002  0.006  0.003  0.002  0.007  0.002  0.239  0.002	24
  4:	0.957  0.002  0.005  0.010  0.003  0.011  0.002  0.007  0.002	22
  5:	0.064  0.003  0.030  0.011  0.005  0.835  0.003  0.047  0.002	22
  6:	0.012  0.002  0.937  0.028  0.002  0.007  0.002  0.006  0.004	24
  7:	0.010  0.003  0.009  0.007  0.003  0.004  0.002  0.959  0.004	24
  8:	0.010  0.306  0.054  0.011  0.009  0.373  0.149  0.085  0.005	24
  9:	0.014  0.002  0.016  0.934  0.002  0.020  0.002  0.007  0.002	11
 10:	0.004  0.758  0.123  0.003  0.003  0.062  0.028  0.015  0.003	24
 11:	0.002  0.003  0.004  0.002  0.969  0.002  0.005  0.003  0.010	24
 12:	0.002  0.002  0.016  0.024  0.944  0.002  0.002  0.003  0.004	24
 13:	0.002  0.032  0.003  0.004  0.010  0.003  0.935  0.003  0.007	24
 14:	0.003  0.005  0.007  0.005  0.007  0.003  0.946  0.011  0.013	24
 15:	0.003  0.008  0.006  0.004  0.953  0.009  0.007  0.005  0.005	24
 16:	0.010  0.007  0.009  0.004  0.004  0.004  0.036  0.005  0.920	9
 17:	0.001  0.005  0.001  0.001  0.002  0.002  0.003  0.002  0.984	14

