sample_id,population,population_label,state,sample_order,cluster_1,cluster_2,cluster_3,cluster_4,cluster_5,cluster_6,cluster_7
883779813_Pg346_01.fsa,Pg346,IN_01,IN,1,0.39747949589917986,0.003600720144028806,0.003200640128025605,0.1974394878975795,0.0054010802160432084,0.1964392878575715,0.1964392878575715
883779813_Pg346_02.fsa,Pg346,IN_01,IN,2,0.3956373824294577,0.010606363818290977,0.0020012007204322593,0.19711827096257756,0.0028016810086051633,0.1951170702421453,0.1967180308184911
883779813_Pg346_03.fsa,Pg346,IN_01,IN,3,0.398,0.0018000000000000002,0.0018000000000000002,0.1994,0.0018000000000000002,0.1986,0.1986
883779813_Pg346_04.fsa,Pg346,IN_01,IN,4,0.3976385831498899,0.0010006003602161296,0.0020012007204322593,0.199319591755053,0.0020012007204322593,0.1991194716830098,0.19891935161096658
883779813_Pg346_05.fsa,Pg346,IN_01,IN,5,0.3969206158768246,0.0017996400719856032,0.0065986802639472104,0.1977604479104179,0.003399320135972806,0.1967606478704259,0.1967606478704259
883779813_Pg346_06.fsa,Pg346,IN_01,IN,6,0.3894336601961177,0.0012007204322593559,0.003402041224734841,0.1953171903141885,0.0026015609365619375,0.2041224734840905,0.20392235341204723
883779813_Pg346_07.fsa,Pg346,IN_01,IN,7,0.391878375675135,0.0012002400480096021,0.007801560312062415,0.19703940788157634,0.008401680336067216,0.19703940788157634,0.19663932786557312
883779813_Pg346_08.fsa,Pg346,IN_01,IN,8,0.3926,0.001,0.005599999999999999,0.1988,0.004399999999999999,0.1988,0.1988
883779813_Pg346_09.fsa,Pg346,IN_01,IN,9,0.3956,0.0014,0.0038,0.1992,0.003,0.1986,0.1984
883779813_Pg346_10.fsa,Pg346,IN_01,IN,10,0.39843906343806285,0.0018010806483890337,0.0024014408645187117,0.19831899139483689,0.0026015609365619375,0.19811887132279368,0.19831899139483689
883779813_Pg346_11.fsa,Pg346,IN_01,IN,11,0.39707941588317663,0.001800360072014403,0.005401080216043209,0.19843968793758754,0.003000600120024005,0.19723944788957792,0.19703940788157634
883779813_Pg346_12.fsa,Pg346,IN_01,IN,12,0.3986797359471894,0.0022004400880176033,0.002000400080016003,0.19823964792958593,0.002600520104020805,0.19823964792958593,0.19803960792158434
883779813_Pg346_13.fsa,Pg346,IN_01,IN,13,0.3968,0.0018000000000000002,0.0022,0.1988,0.0024000000000000002,0.1994,0.1986
883779813_Pg346_14.fsa,Pg346,IN_01,IN,14,0.39387877575515107,0.0032006401280256056,0.009001800360072016,0.19623924784956992,0.006401280256051211,0.19683936787357473,0.19443888777755552
883779813_Pg346_15.fsa,Pg346,IN_01,IN,15,0.39227845569113823,0.0010002000400080016,0.006001200240048009,0.19423884776955389,0.01800360072014403,0.1944388877775555,0.1940388077615523
883779813_Pg346_16.fsa,Pg346,IN_01,IN,16,0.3979183346677342,0.00100080064051241,0.001401120896717374,0.1991593274619696,0.00200160128102482,0.19935948759007205,0.1991593274619696
883779813_Pg346_17.fsa,Pg346,IN_01,IN,17,0.3938,0.0054,0.0058000000000000005,0.1976,0.0026000000000000003,0.1972,0.1976
883779813_Pg346_18.fsa,Pg346,IN_01,IN,18,0.390634380628377,0.0018010806483890337,0.003402041224734841,0.19191514908945367,0.02521512907744647,0.19331598959375623,0.19371622973784272
883779813_Pg346_19.fsa,Pg346,IN_01,IN,19,0.3934786957391478,0.002000400080016003,0.003000600120024005,0.20004000800160035,0.004600920184036808,0.19903980796159235,0.19783956791358273
883779813_Pg346_20.fsa,Pg346,IN_01,IN,20,0.4106821364272854,0.003800760152030406,0.004600920184036807,0.1846369273854771,0.0026005201040208044,0.1970394078815763,0.19663932786557312
883779813_Pg346_21.fsa,Pg346,IN_01,IN,21,0.39907981596319264,0.0016003200640128026,0.002000400080016003,0.1952390478095619,0.006601320264052811,0.1960392078415683,0.19943988797759551
883779813_Pg346_22.fsa,Pg346,IN_01,IN,22,0.40232185748598875,0.00100080064051241,0.00200160128102482,0.19715772618094476,0.00300240192153723,0.19735788630904724,0.19715772618094476
883779813_Pg346_23.fsa,Pg346,IN_01,IN,23,0.39783870322193315,0.0010006003602161296,0.0022013207924754855,0.1989193516109666,0.002801681008605163,0.19871923153892337,0.19851911146688014
883779813_Pg346_24.fsa,Pg346,IN_01,IN,24,0.3979183346677342,0.001401120896717374,0.0026020816653322663,0.19855884707766214,0.0018014411529223382,0.1991593274619696,0.19855884707766214
883779813_Pg347_01.fsa,Pg347,KY_02,KY,25,0.3978,0.0014,0.007400000000000001,0.197,0.39159999999999995,0.0024000000000000002,0.0024000000000000002
883779813_Pg347_02.fsa,Pg347,KY_02,KY,26,0.3901120896717374,0.00100080064051241,0.005204163330664533,0.18274619695756608,0.4125300240192154,0.004403522818254603,0.0040032025620496394
883779813_Pg347_03.fsa,Pg347,KY_02,KY,27,0.38015206082432973,0.0024009603841536617,0.017006802721088437,0.18887555022008806,0.39435774309723887,0.014005602240896359,0.003201280512204882
883779813_Pg347_11.fsa,Pg347,KY_02,KY,28,0.344,0.008400000000000001,0.08099999999999999,0.15940000000000001,0.3888,0.0046,0.013800000000000002
883779813_Pg347_12.fsa,Pg347,KY_02,KY,29,0.4003601440576231,0.001600640256102441,0.0028011204481792717,0.19767907162865148,0.382953181272509,0.0048019207683073235,0.00980392156862745
883779813_Pg347_17.fsa,Pg347,KY_02,KY,30,0.3902780556111222,0.0020004000800160036,0.010002000400080016,0.1928385677135427,0.39627925585117024,0.0022004400880176033,0.00640128025605121
883779813_Pg347_18.fsa,Pg347,KY_02,KY,31,0.35632873425314937,0.006398720255948811,0.05798840231953611,0.16916616676664667,0.3955208958208357,0.004999000199960009,0.009598080383923215
883779813_Pg347_21.fsa,Pg347,KY_02,KY,32,0.39616230261842894,0.0029982010793523886,0.002398560863481911,0.2040775534679192,0.370777533479912,0.02118728762742355,0.002398560863481911
883779813_Pg347_22.fsa,Pg347,KY_02,KY,33,0.33659999999999995,0.0058,0.06340000000000001,0.1516,0.4394,0.0018000000000000002,0.0014
883779813_Pg347_23.fsa,Pg347,KY_02,KY,34,0.3560136081648989,0.0014008405043025814,0.05923554132479488,0.1520912547528517,0.4280568341004603,0.0016009605763458075,0.0016009605763458075
883779813_Pg348_01.fsa,Pg348,EX_01,EX-S,35,0.39283570142085256,0.0016009605763458077,0.006403842305383231,0.19731839103462076,0.3956373824294576,0.003602161296778067,0.0026015609365619375
883779813_Pg348_02.fsa,Pg348,EX_01,EX-S,36,0.792,0.0016,0.002,0.1996,0.002,0.0016,0.0012000000000000001
883779813_Pg348_03.fsa,Pg348,EX_01,EX-S,37,0.7910835665733706,0.0015993602558976412,0.001999200319872051,0.19952019192323073,0.0021991203518592567,0.0021991203518592567,0.0013994402239104358
883779813_Pg348_04.fsa,Pg348,EX_01,EX-S,38,0.3959583833533414,0.0020008003201280513,0.004601840736294518,0.19887955182072828,0.3937575030012005,0.0024009603841536617,0.0024009603841536617
883779813_Pg348_05.fsa,Pg348,EX_01,EX-S,39,0.37307461492298466,0.001800360072014403,0.018003600720144026,0.17423484696939387,0.41928385677135427,0.007201440288057612,0.00640128025605121
883779813_Pg348_06.fsa,Pg348,EX_01,EX-S,40,0.39807769323187825,0.0012014417300760913,0.002002402883460152,0.19923908690428516,0.39707649179014815,0.0012014417300760913,0.0012014417300760913
883779813_Pg348_07.fsa,Pg348,EX_01,EX-S,41,0.3977591036414566,0.0010004001600640256,0.0024009603841536617,0.1990796318527411,0.39715886354541813,0.0014005602240896359,0.0012004801920768309
883779813_Pg348_08.fsa,Pg348,EX_01,EX-S,42,0.3979591836734694,0.0010004001600640256,0.0022008803521408565,0.19967987194877954,0.3967587034813925,0.0012004801920768309,0.0012004801920768309
883779813_Pg348_09.fsa,Pg348,EX_01,EX-S,43,0.36287257451490296,0.001800360072014403,0.022004400880176037,0.1852370474094819,0.4212842568513702,0.004400880176035207,0.002400480096019204
883779813_Pg348_10.fsa,Pg348,EX_01,EX-S,44,0.39747949589917986,0.0010002000400080016,0.002000400080016003,0.1992398479695939,0.3978795759151831,0.001200240048009602,0.001200240048009602
883779813_Pg348_11.fsa,Pg348,EX_01,EX-S,45,0.3736241745047028,0.0010006003602161296,0.023814288573143882,0.17930758455073043,0.41644986992195315,0.0030018010806483887,0.0028016810086051633
883779813_Pg348_12.fsa,Pg348,EX_01,EX-S,46,0.39695878351340536,0.0010004001600640256,0.0028011204481792713,0.1992797118847539,0.3975590236094438,0.0012004801920768309,0.0012004801920768309
883779813_Pg348_13.fsa,Pg348,EX_01,EX-S,47,0.3966,0.001,0.0032,0.1986,0.3974,0.0018000000000000002,0.0014
883779813_Pg348_14.fsa,Pg348,EX_01,EX-S,48,0.38903342005203123,0.0010006003602161296,0.0062037222333400045,0.19611767060236143,0.40364218531118673,0.0024014408645187117,0.0016009605763458077
883779813_Pg348_15.fsa,Pg348,EX_01,EX-S,49,0.3970794158831766,0.001800360072014403,0.003600720144028806,0.19863972794558912,0.3950790158031606,0.0016003200640128026,0.0022004400880176037
883779813_Pg348_16.fsa,Pg348,EX_01,EX-S,50,0.5603120624124825,0.001800360072014403,0.003200640128025605,0.1988397679535907,0.232246449289858,0.002000400080016003,0.0016003200640128026
883779813_Pg348_17.fsa,Pg348,EX_01,EX-S,51,0.687,0.0012000000000000001,0.0033999999999999994,0.1986,0.1068,0.0016,0.0014
883779813_Pg348_18.fsa,Pg348,EX_01,EX-S,52,0.7903258045172897,0.0015990405756546075,0.0019988007195682594,0.20087947231661002,0.0021986807915250852,0.0017989206476114335,0.0011992804317409555
883779813_Pg348_19.fsa,Pg348,EX_01,EX-S,53,0.5631999999999999,0.0014,0.006,0.1992,0.227,0.002,0.0012000000000000001
883779813_Pg348_20.fsa,Pg348,EX_01,EX-S,54,0.7923584716943388,0.0010002000400080016,0.0022004400880176037,0.1998399679935987,0.002000400080016003,0.0014002800560112022,0.001200240048009602
883779813_Pg348_21.fsa,Pg348,EX_01,EX-S,55,0.5172965406918616,0.0021995600879824036,0.004399120175964807,0.19876024795040992,0.27274545090981805,0.002999400119976005,0.0015996800639872027
883779813_Pg348_22.fsa,Pg348,EX_01,EX-S,56,0.3970764917901482,0.001001201441730076,0.0030036043251902285,0.1988386063275931,0.39747697236684015,0.0014016820184221065,0.0012014417300760913
883779813_Pg348_23.fsa,Pg348,EX_01,EX-S,57,0.36762057234340606,0.002601560936561937,0.01320792475485291,0.18731238743245948,0.41284770862517506,0.0040024014408645186,0.012407444466680007
883779813_Pg348_24.fsa,Pg348,EX_01,EX-S,58,0.378,0.0176,0.007200000000000001,0.19260000000000002,0.3877999999999999,0.0048000000000000004,0.012
883779813_Pg349_01.fsa,Pg349,KY_01,KY,59,0.005200000000000001,0.008400000000000001,0.0098,0.1738,0.4600000000000001,0.1584,0.1844
883779813_Pg349_02.fsa,Pg349,KY_01,KY,60,0.00520104020804161,0.004000800160032006,0.006601320264052811,0.19663932786557312,0.3884776955391078,0.19843968793758754,0.2006401280256051
883779813_Pg349_03.fsa,Pg349,KY_01,KY,61,0.0034013605442176874,0.001600640256102441,0.0428171268507403,0.18787515006002403,0.3991596638655462,0.18107242897158865,0.1840736294517807
883779813_Pg349_04.fsa,Pg349,KY_01,KY,62,0.00700280112044818,0.001600640256102441,0.010404161664665868,0.19407763105242098,0.40236094437775105,0.19187675070028012,0.19267707082833133
883779813_Pg349_07.fsa,Pg349,KY_01,KY,63,0.008606885508406726,0.00100080064051241,0.002401921537229784,0.1989591673338671,0.3909127301841473,0.1991593274619696,0.1989591673338671
883779813_Pg349_08.fsa,Pg349,KY_01,KY,64,0.0027999999999999995,0.0018000000000000002,0.0027999999999999995,0.1986,0.3972,0.1984,0.1984
883779813_Pg349_09.fsa,Pg349,KY_01,KY,65,0.002601040416166467,0.0010004001600640256,0.0036014405762304926,0.19827931172468988,0.3997599039615847,0.19727891156462585,0.19747899159663865
883779813_Pg349_10.fsa,Pg349,KY_01,KY,66,0.01021021021021021,0.001001001001001001,0.02002002002002002,0.19359359359359357,0.38738738738738737,0.19339339339339337,0.19439439439439438
883779813_Pg349_11.fsa,Pg349,KY_01,KY,67,0.0094,0.0018000000000000002,0.0126,0.181,0.4394,0.178,0.1778
883779813_Pg349_12.fsa,Pg349,KY_01,KY,68,0.008003201280512207,0.0010004001600640256,0.004001600640256103,0.19847939175670268,0.3917567026810724,0.1988795518207283,0.19787915166066428
883779813_Pg349_13.fsa,Pg349,KY_01,KY,69,0.005802320928371349,0.002601040416166467,0.005402160864345739,0.20048019207683074,0.38875550220088034,0.1992797118847539,0.19767907162865148
883779813_Pg349_14.fsa,Pg349,KY_01,KY,70,0.0025994801039792045,9.998000399920016e-4,0.003999200159968006,0.1981603679264147,0.3979204159168166,0.1983603279344131,0.19796040791841632
883779813_Pg349_15.fsa,Pg349,KY_01,KY,71,0.0075984803039392135,0.0029994001199760054,0.01859628074385123,0.19636072785442912,0.379124175164967,0.1981603679264147,0.1971605678864227
883779813_Pg349_16.fsa,Pg349,KY_01,KY,72,0.008400000000000001,0.0032,0.005200000000000001,0.1996,0.3898,0.1974,0.1964
883779813_Pg349_17.fsa,Pg349,KY_01,KY,73,0.007798440311937611,0.001999600079984003,0.0037992401519696063,0.19896020795840832,0.3925214957008598,0.1973605278944211,0.1975604879024195
883779813_Pg349_18.fsa,Pg349,KY_01,KY,74,0.003201280512204882,0.001800720288115246,0.0038015206082432974,0.19667867146858742,0.4015606242496999,0.19647859143657462,0.19647859143657462
883779813_Pg349_19.fsa,Pg349,KY_01,KY,75,0.0064,0.0018000000000000002,0.027200000000000002,0.1736,0.46720000000000006,0.16060000000000002,0.1632
883779813_Pg349_20.fsa,Pg349,KY_01,KY,76,0.0056,0.0016,0.0078,0.196,0.39759999999999995,0.1958,0.1956
883779813_Pg349_21.fsa,Pg349,KY_01,KY,77,0.0031993601279744054,0.001199760047990402,0.004399120175964807,0.1981603679264147,0.3969206158768246,0.1981603679264147,0.19796040791841632
883779813_Pg349_22.fsa,Pg349,KY_01,KY,78,0.0037992401519696063,0.004399120175964807,0.014597080583883221,0.19376124775044992,0.3883223355328934,0.1931613677264547,0.20195960807838434
883779813_Pg349_23.fsa,Pg349,KY_01,KY,79,0.00600480384307446,0.001401120896717374,0.005204163330664533,0.19855884707766214,0.3933146517213771,0.1977582065652522,0.1977582065652522
883779813_Pg349_24.fsa,Pg349,KY_01,KY,80,0.0088,0.0036000000000000003,0.004999999999999999,0.197,0.39719999999999994,0.1946,0.1938
883779813_Pg350_01.fsa,Pg350,KY_03,KY,81,0.004799040191961608,0.0019996000799840036,0.19556088782243553,0.014997000599880028,0.772245550889822,0.005398920215956809,0.004999000199960009
883779813_Pg350_02.fsa,Pg350,KY_03,KY,82,0.05577768892443023,0.008796481407437027,0.21231507397041186,0.04218312674930028,0.1957217113154738,0.4482207117153139,0.03698520591763295
883779813_Pg350_03.fsa,Pg350,KY_03,KY,83,0.0024014408645187117,0.0024014408645187117,0.20012007204322596,0.0018010806483890337,0.790074044426656,0.0018010806483890337,0.0014008405043025817
883779813_Pg350_04.fsa,Pg350,KY_03,KY,84,0.014602920584116821,0.002000400080016003,0.19663932786557314,0.010602120424084819,0.7703540708141629,0.0038007601520304063,0.0020004000800160036
883779813_Pg350_05.fsa,Pg350,KY_03,KY,85,0.005198960207958409,0.001199760047990402,0.14517096580683866,0.04519096180763848,0.7406518696260747,0.03039392121575685,0.03219356128774245
883779813_Pg350_06.fsa,Pg350,KY_03,KY,86,0.01678992604437338,0.006596042374575255,0.21047371577053764,0.005596642014791125,0.7505496701978813,0.005796522086747952,0.004197481511093345
883779813_Pg350_07.fsa,Pg350,KY_03,KY,87,0.006396162302618428,0.0019988007195682594,0.21647011792924245,0.00739556266240256,0.7561463122126724,0.0049970017989206484,0.006596042374575255
883779813_Pg350_08.fsa,Pg350,KY_03,KY,88,0.0049970017989206484,0.02438536877873276,0.24685188886667997,0.005796522086747951,0.6875874475314812,0.003198081151309215,0.027183689786128326
883779813_Pg350_09.fsa,Pg350,KY_03,KY,89,0.004399999999999999,0.0024000000000000002,0.198,0.0020000000000000005,0.7882,0.0024000000000000002,0.0026000000000000003
883779813_Pg350_10.fsa,Pg350,KY_03,KY,90,0.03940788157631527,0.0022004400880176037,0.20624124824964996,0.006801360272054412,0.7363472694538908,0.004400880176035207,0.004600920184036808
883779813_Pg350_11.fsa,Pg350,KY_03,KY,91,0.005202080832332934,0.0026010404161664665,0.19767907162865148,0.0036014405762304926,0.7837134853941577,0.0028011204481792717,0.004401760704281712
883779813_Pg350_12.fsa,Pg350,KY_03,KY,92,0.011800000000000001,0.004200000000000001,0.21579999999999994,0.004,0.7542,0.0048000000000000004,0.0052
883779813_Pg350_13.fsa,Pg350,KY_03,KY,93,0.004598160735705718,0.0017992802878848463,0.20051979208316673,0.0031987205117952823,0.7852858856457418,0.001999200319872051,0.002598960415833667
883779813_Pg350_14.fsa,Pg350,KY_03,KY,94,0.015396920615876825,0.016596680663867228,0.2025594881023795,0.005398920215956809,0.7470505898820236,0.002799440111977605,0.010197960407918417
883779813_Pg350_15.fsa,Pg350,KY_03,KY,95,0.08341668333666734,0.0014002800560112022,0.19823964792958593,0.01640328065613123,0.6949389877975595,0.0030006001200240046,0.002600520104020804
883779813_Pg350_16.fsa,Pg350,KY_03,KY,96,0.008203281312525009,0.0012004801920768309,0.18987595038015206,0.009603841536614647,0.7801120448179272,0.0056022408963585435,0.005402160864345739
883779813_Pg350_17.fsa,Pg350,KY_03,KY,97,0.01780712284913966,0.0014005602240896359,0.18487394957983197,0.019407763105242098,0.7661064425770308,0.005202080832332933,0.005202080832332933
883779813_Pg350_18.fsa,Pg350,KY_03,KY,98,0.6910617876424715,0.008198360327934412,0.04139172165566887,0.1805638872225555,0.052589482103579284,0.01839632073585283,0.007798440311937612
883779813_Pg350_19.fsa,Pg350,KY_03,KY,99,0.0040016006402561035,0.0010004001600640259,0.20968387354941975,0.0032012805122048826,0.7779111644657863,0.002801120448179272,0.001400560224089636
883779813_Pg350_20.fsa,Pg350,KY_03,KY,100,0.008003201280512207,0.001800720288115246,0.1956782713085234,0.0040016006402561035,0.782312925170068,0.004001600640256103,0.004201680672268907
883779813_Pg350_21.fsa,Pg350,KY_03,KY,101,0.005601120224044808,0.0010002000400080016,0.26125225045009,0.0016003200640128026,0.7269453890778156,0.001800360072014403,0.001800360072014403
883779813_Pg350_22.fsa,Pg350,KY_03,KY,102,0.01400560224089636,0.0022008803521408565,0.24289715886354543,0.004001600640256103,0.7324929971988796,0.002200880352140856,0.0022008803521408565
883779813_Pg351_01.fsa,Pg351,KY_04,KY,103,0.0122097678142514,0.00100080064051241,0.9469575660528422,0.006405124099279424,0.02401921537229784,0.00600480384307446,0.003402722177742194
883779813_Pg351_02.fsa,Pg351,KY_04,KY,104,0.005802320928371348,0.0234093637454982,0.9229691876750701,0.023609443777511004,0.00820328131252501,0.00980392156862745,0.006202480992396959
883779813_Pg351_03.fsa,Pg351,KY_04,KY,105,0.010995601759296281,0.005197920831667334,0.9526189524190324,0.012395041983206718,0.011195521791283488,0.0049980007996801275,0.002598960415833667
883779813_Pg351_04.fsa,Pg351,KY_04,KY,106,0.003003003003003003,0.001001001001001001,0.9785785785785786,0.0020020020020020024,0.011411411411411413,0.0028028028028028026,0.0012012012012012014
883779813_Pg351_05.fsa,Pg351,KY_04,KY,107,0.0126,0.0038,0.9593999999999999,0.009,0.0082,0.0032,0.0038000000000000004
883779813_Pg351_06.fsa,Pg351,KY_04,KY,108,0.0059976009596161535,0.0029988004798080768,0.9706117552978808,0.007996801279488205,0.005197920831667334,0.0039984006397441015,0.0031987205117952823
883779813_Pg351_07.fsa,Pg351,KY_04,KY,109,0.03719256148770246,0.0017996400719856032,0.907618476304739,0.02399520095980804,0.024595080983803242,0.0025994801039792045,0.0021995600879824036
883779813_Pg351_08.fsa,Pg351,KY_04,KY,110,0.00400320256204964,0.00100080064051241,0.9873899119295436,0.002401921537229784,0.0026020816653322663,0.001401120896717374,0.001200960768614892
883779813_Pg351_09.fsa,Pg351,KY_04,KY,111,0.034627702161729376,0.0020016012810248197,0.9449559647718174,0.0040032025620496394,0.010008006405124099,0.0032025620496397116,0.0012009607686148918
883779813_Pg351_10.fsa,Pg351,KY_04,KY,112,0.002201761409127302,0.0018014411529223382,0.9861889511609288,0.0018014411529223382,0.0050040032025620495,0.001601281024819856,0.001401120896717374
883779813_Pg351_11.fsa,Pg351,KY_04,KY,113,0.027005401080216047,0.003600720144028806,0.9165833166633326,0.030006001200240048,0.015603120624124828,0.0054010802160432084,0.001800360072014403
883779813_Pg351_12.fsa,Pg351,KY_04,KY,114,0.09285571342805683,0.0026015609365619375,0.6678006804082449,0.04182509505703422,0.18791274764858917,0.0038022813688212928,0.0032019211526916154
883779813_Pg351_13.fsa,Pg351,KY_04,KY,115,0.004598160735705716,0.0035985605757696917,0.9604158336665333,0.002798880447820871,0.013794482207117152,0.010795681727309075,0.0039984006397441015
883779813_Pg351_14.fsa,Pg351,KY_04,KY,116,0.0033999999999999994,0.0064,0.9666,0.0027999999999999995,0.0058,0.011600000000000003,0.0034000000000000002
883779813_Pg351_15.fsa,Pg351,KY_04,KY,117,0.008999999999999998,0.0038,0.9634,0.0098,0.0058,0.0046,0.0036000000000000003
883779813_Pg351_16.fsa,Pg351,KY_04,KY,118,0.007000000000000001,0.0022,0.9581999999999999,0.0086,0.0073999999999999995,0.013600000000000001,0.003
883779813_Pg351_17.fsa,Pg351,KY_04,KY,119,0.007998400319936011,0.001399720055988802,0.9714057188562287,0.005198960207958407,0.008198360327934412,0.0031993601279744046,0.0025994801039792037
883779813_Pg351_18.fsa,Pg351,KY_04,KY,120,0.007998400319936013,0.001999600079984003,0.9698060387922416,0.004399120175964808,0.008398320335932815,0.004399120175964806,0.002999400119976005
883779813_Pg351_19.fsa,Pg351,KY_04,KY,121,0.0030036043251902285,0.001001201441730076,0.9847817380857029,0.0018021625951141372,0.003404084901882259,0.004004805766920304,0.002002402883460152
883779813_Pg351_20.fsa,Pg351,KY_04,KY,122,0.003,0.0012000000000000001,0.9833999999999999,0.0022000000000000006,0.0058,0.0024000000000000002,0.0020000000000000005
883779813_Pg351_21.fsa,Pg351,KY_04,KY,123,0.002399040383846462,0.0021991203518592567,0.9822071171531388,0.002598960415833667,0.0059976009596161535,0.002798880447820872,0.0017992802878848463
883779813_Pg351_22.fsa,Pg351,KY_04,KY,124,0.005197920831667334,0.002798880447820871,0.9652139144342263,0.0031987205117952823,0.015593762495001998,0.005397840863654539,0.002598960415833667
883779813_Pg351_23.fsa,Pg351,KY_04,KY,125,0.009001800360072013,0.0030006001200240046,0.9719943988797759,0.0054010802160432084,0.005001000200040008,0.0030006001200240046,0.002600520104020804
883779813_Pg351_24.fsa,Pg351,KY_04,KY,126,0.002601560936561937,0.002201320792475485,0.9819891935161097,0.002801681008605163,0.00440264158495097,0.0040024014408645186,0.0020012007204322593
883779813_Pg352_01.fsa,Pg352,KY_05,KY,127,0.7871574314862972,0.0026005201040208044,0.0026005201040208044,0.1970394078815763,0.0036007201440288058,0.0026005201040208044,0.0044008801760352075
883779813_Pg352_02.fsa,Pg352,KY_05,KY,128,0.7811750599520384,0.001798561151079137,0.007394084732214229,0.19744204636290968,0.003996802557953637,0.004796163069544365,0.0033972821742605922
883779813_Pg352_03.fsa,Pg352,KY_05,KY,129,0.7408445067040224,0.003602161296778067,0.004602761656994196,0.1743045827496498,0.018611166700020016,0.030818491094656796,0.02721632979787873
883779813_Pg352_04.fsa,Pg352,KY_05,KY,130,0.7772227772227772,0.0021978021978021982,0.008591408591408592,0.1972027972027972,0.005594405594405595,0.0063936063936063945,0.002797202797202797
883779813_Pg352_05.fsa,Pg352,KY_05,KY,131,0.6267253450690138,0.002000400080016003,0.02320464092818564,0.20164032806561305,0.05441088217643529,0.047209441888377675,0.04480896179235847
883779813_Pg352_06.fsa,Pg352,KY_05,KY,132,0.759751950390078,0.0022004400880176033,0.008001600320064013,0.15783156631326264,0.005201040208041609,0.03840768153630726,0.028605721144228848
883779813_Pg352_07.fsa,Pg352,KY_05,KY,133,0.7101159536185526,0.0017992802878848458,0.08056777289084364,0.19232307077169128,0.008796481407437025,0.002798880447820871,0.0035985605757696917
883779813_Pg352_08.fsa,Pg352,KY_05,KY,134,0.7701540308061612,0.001800360072014403,0.004400880176035207,0.1978395679135827,0.013802760552110424,0.004800960192038408,0.0072014402880576115
883779813_Pg352_09.fsa,Pg352,KY_05,KY,135,0.787769784172662,0.0025979216626698647,0.0021982414068745008,0.1994404476418865,0.0033972821742605922,0.002797761790567546,0.001798561151079137
883779813_Pg352_10.fsa,Pg352,KY_05,KY,136,0.7832000000000001,0.0032,0.0024000000000000002,0.1982,0.006,0.0026000000000000003,0.0044
883779813_Pg352_11.fsa,Pg352,KY_05,KY,137,0.776378896882494,0.0023980815347721825,0.0021982414068745008,0.20543565147881698,0.008593125499600323,0.0029976019184652283,0.0019984012789768186
883779813_Pg352_12.fsa,Pg352,KY_05,KY,138,0.7893157262905162,0.0020008003201280513,0.0020008003201280513,0.2004801920768307,0.0020008003201280513,0.0024009603841536617,0.001800720288115246
883779813_Pg352_13.fsa,Pg352,KY_05,KY,139,0.7916833266693324,0.0017992802878848463,0.002598960415833667,0.1987205117952819,0.0021991203518592567,0.0015993602558976412,0.0013994402239104358
883779813_Pg352_14.fsa,Pg352,KY_05,KY,140,0.7919583916783357,0.0010002000400080016,0.002000400080016003,0.19983996799359874,0.001800360072014403,0.0022004400880176037,0.0012002400480096021
883779813_Pg352_15.fsa,Pg352,KY_05,KY,141,0.7916000000000001,0.0018000000000000002,0.002,0.1994,0.0022,0.0016,0.0014
883779813_Pg352_16.fsa,Pg352,KY_05,KY,142,0.784,0.0073999999999999995,0.003,0.18880000000000002,0.0024000000000000002,0.011800000000000001,0.0026
883779813_Pg352_17.fsa,Pg352,KY_05,KY,143,0.76375275055011,0.003400680136027206,0.0048009601920384086,0.19903980796159235,0.003600720144028806,0.02080416083216644,0.004600920184036808
883779813_Pg352_18.fsa,Pg352,KY_05,KY,144,0.789242151569686,0.001999600079984003,0.0021995600879824036,0.1993601279744051,0.002399520095980804,0.0025994801039792045,0.0021995600879824036
883779813_Pg352_19.fsa,Pg352,KY_05,KY,145,0.7890734440664399,0.0020012007204322593,0.0024014408645187117,0.1989193516109666,0.0038022813688212928,0.002201320792475485,0.0016009605763458077
883779813_Pg352_20.fsa,Pg352,KY_05,KY,146,0.656062424969988,0.007603041216486596,0.004401760704281713,0.08083233293317328,0.010004001600640256,0.1506602641056423,0.09043617446978792
883779813_Pg352_21.fsa,Pg352,KY_05,KY,147,0.7824870051979208,0.0037984806077568972,0.0031987205117952823,0.1953218712514994,0.007397041183526591,0.002399040383846462,0.005397840863654539
883779813_Pg352_22.fsa,Pg352,KY_05,KY,148,0.7921168467386955,0.001600640256102441,0.0020008003201280513,0.19887955182072828,0.0022008803521408565,0.001800720288115246,0.0014005602240896359
883779813_Pg352_23.fsa,Pg352,KY_05,KY,149,0.7922,0.0016,0.0022,0.1988,0.0022,0.0016,0.0014
883779813_Pg352_24.fsa,Pg352,KY_05,KY,150,0.7884730838503101,0.0020012007204322593,0.002201320792475485,0.20052031218731237,0.002601560936561937,0.0024014408645187113,0.0018010806483890335
883779813_Pg353_01.fsa,Pg353,EX_02,EX-S,151,0.0624374624774865,0.5649389633780268,0.07524514708825296,0.0030018010806483887,0.10666399839903941,0.18511106663998397,0.002601560936561937
883779813_Pg353_02.fsa,Pg353,EX_02,EX-S,152,0.010995601759296281,0.7878848460615754,0.06397441023590564,0.0033986405437824874,0.020191923230707717,0.10955617752898841,0.003998400639744102
883779813_Pg353_03.fsa,Pg353,EX_02,EX-S,153,0.01699660067986403,0.1249750049990002,0.3101379724055189,0.005598880223955209,0.33993201359728054,0.19956008798240352,0.002799440111977604
883779813_Pg353_04.fsa,Pg353,EX_02,EX-S,154,0.2798,0.084,0.20279999999999995,0.05840000000000001,0.2008,0.1614,0.0128
883779813_Pg353_05.fsa,Pg353,EX_02,EX-S,155,0.05700000000000001,0.0248,0.47219999999999995,0.06,0.1742,0.2,0.011800000000000001
883779813_Pg353_06.fsa,Pg353,EX_02,EX-S,156,0.0039992001599680055,0.5614877024595081,0.12777444511097777,0.004399120175964806,0.161367726454709,0.1381723655268946,0.0027994401119776037
883779813_Pg353_07.fsa,Pg353,EX_02,EX-S,157,0.0021991203518592567,0.9866053578568572,0.001999200319872051,0.002598960415833667,0.001999200319872051,0.002598960415833667,0.001999200319872051
883779813_Pg353_08.fsa,Pg353,EX_02,EX-S,158,0.0024000000000000002,0.048799999999999996,0.4079999999999999,0.004,0.3236,0.2022,0.011
883779813_Pg353_09.fsa,Pg353,EX_02,EX-S,159,0.0021991203518592567,0.03318672530987605,0.3926429428228709,0.0031987205117952823,0.3524590163934426,0.20091963214714115,0.015393842463014795
883779813_Pg353_10.fsa,Pg353,EX_02,EX-S,160,0.0021991203518592567,0.2724910035985606,0.24650139944022384,0.003998400639744102,0.2449020391843263,0.2129148340663734,0.016993202718912435
883779813_Pg353_11.fsa,Pg353,EX_02,EX-S,161,0.14440000000000003,0.17439999999999997,0.191,0.0086,0.2814,0.197,0.0032
883779813_Pg353_12.fsa,Pg353,EX_02,EX-S,162,0.0037984806077568977,0.43322670931627344,0.19312275089964012,0.004598160735705719,0.2185125949620152,0.14374250299880048,0.0029988004798080768
883779813_Pg353_13.fsa,Pg353,EX_02,EX-S,163,0.0078,0.2266,0.26599999999999996,0.008400000000000001,0.2942,0.1948,0.0021999999999999997
883779813_Pg353_14.fsa,Pg353,EX_02,EX-S,164,0.007995202878273036,0.7913252048770738,0.0755546671996802,0.0037977213671796925,0.06955826504097543,0.04957025784529283,0.0021986807915250852
883779813_Pg353_15.fsa,Pg353,EX_02,EX-S,165,0.0031993601279744054,0.40611877624475107,0.18956208758248352,0.003999200159968006,0.19596080783843234,0.1985602879424115,0.0025994801039792045
883779813_Pg353_16.fsa,Pg353,EX_02,EX-S,166,0.01140456182472989,0.0024009603841536617,0.43297318927571027,0.0038015206082432974,0.34473789515806325,0.20108043217286914,0.0036014405762304926
883779813_Pg353_17.fsa,Pg353,EX_02,EX-S,167,0.0037992401519696063,0.43231353729254157,0.19096180763847231,0.008598280343931213,0.19596080783843234,0.16216756648670266,0.0061987602479504095
883779813_Pg353_18.fsa,Pg353,EX_02,EX-S,168,0.0059976009596161535,0.5035985605757698,0.17732906837265094,0.0043982407037185135,0.17972810875649742,0.12634946021591364,0.0025989604158336665
883779813_Pg353_19.fsa,Pg353,EX_02,EX-S,169,0.28605721144228846,0.629125825165033,0.0022004400880176033,0.06741348269653931,0.002000400080016003,0.011002200440088018,0.0022004400880176037
883779813_Pg353_20.fsa,Pg353,EX_02,EX-S,170,0.07524514708825294,0.750250150090054,0.037022213327996795,0.004402641584950969,0.020412247348409043,0.10926555933560136,0.0034020412247348407
883779813_Pg353_21.fsa,Pg353,EX_02,EX-S,171,0.05118976204759049,0.0689862027594481,0.3125374925014997,0.004799040191961608,0.36072785442911415,0.19896020795840832,0.0027994401119776045
883779813_Pg353_22.fsa,Pg353,EX_02,EX-S,172,0.28162530024019217,0.07806244995996797,0.19875900720576462,0.06885508406725381,0.2069655724579664,0.1523218574859888,0.013410728582866294
883779813_Pg353_23.fsa,Pg353,EX_02,EX-S,173,0.008003201280512205,0.9367747098839535,0.0078031212484993995,0.0038015206082432974,0.010804321728691477,0.029411764705882356,0.0034013605442176874
883779813_Pg353_24.fsa,Pg353,EX_02,EX-S,174,0.49669933986797354,0.2618523704740949,0.007801560312062413,0.10482096419283858,0.020804160832166435,0.09921984396879377,0.008801760352070413
883779813_Pg354_01.fsa,Pg354,KY_06,KY,175,0.007604562737642587,0.002201320792475486,0.90074044426656,0.03442065239143487,0.033219931959175504,0.01140684410646388,0.01040624374624775
883779813_Pg354_02.fsa,Pg354,KY_06,KY,176,0.010797840431913616,0.006998600279944012,0.778644271145771,0.07278544291141772,0.07238552289542091,0.029794041191761652,0.02859428114377125
883779813_Pg354_10.fsa,Pg354,KY_06,KY,177,0.02139572085582883,0.001999600079984003,0.9482103579284143,0.010797840431913617,0.007398520295940811,0.005198960207958409,0.004999000199960009
883779813_Pg354_11.fsa,Pg354,KY_06,KY,178,0.09643857543017209,0.0010004001600640256,0.6820728291316527,0.12184873949579832,0.012805122048819529,0.04241696678671469,0.04341736694677872
883779813_Pg354_12.fsa,Pg354,KY_06,KY,179,0.005201040208041609,0.001800360072014403,0.9089817963592719,0.013802760552110424,0.06221244248849769,0.004000800160032006,0.004000800160032006
883779813_Pg354_13.fsa,Pg354,KY_06,KY,180,0.010006003602161298,0.0024014408645187117,0.9483690214128477,0.022013207924754856,0.0056033620172103275,0.006003602161296778,0.005603362017210326
883779813_Pg354_14.fsa,Pg354,KY_06,KY,181,0.02018385291766587,0.001798561151079137,0.43645083932853723,0.14508393285371704,0.2188249400479616,0.08653077537969625,0.09112709832134294
883779813_Pg354_15.fsa,Pg354,KY_06,KY,182,0.010402080416083216,0.0022004400880176037,0.9447889577915582,0.01840368073614723,0.017603520704140826,0.003600720144028806,0.0030006001200240046
883779813_Pg354_22.fsa,Pg354,KY_06,KY,183,0.00840504302581549,0.0012007204322593557,0.95037022213328,0.009605763458074845,0.01721032619571743,0.004602761656994196,0.008605163097858715
883779813_Pg354_23.fsa,Pg354,KY_06,KY,184,0.005398920215956809,0.0015996800639872027,0.9788042391521694,0.004599080183963209,0.0037992401519696063,0.0025994801039792045,0.0031993601279744054
883779813_Pg354_24.fsa,Pg354,KY_06,KY,185,0.0194,0.0048000000000000004,0.9294,0.022600000000000002,0.0062,0.0094,0.0082
883779813_Pg355_01.fsa,Pg355,EX_03,EX-S,186,0.0010010010010010012,0.98998998998999,0.0010010010010010012,0.0020020020020020024,0.0010010010010010012,0.0028028028028028026,0.002202202202202203
883779813_Pg355_02.fsa,Pg355,EX_03,EX-S,187,0.0021986807915250852,0.9858085148910654,0.0017989206476114335,0.0053967619428343,0.0011992804317409555,0.0015990405756546075,0.0019988007195682594
883779813_Pg355_03.fsa,Pg355,EX_03,EX-S,188,0.009400000000000002,0.9644,0.0084,0.0046,0.003,0.004600000000000001,0.005600000000000001
883779813_Pg355_04.fsa,Pg355,EX_03,EX-S,189,0.006399999999999999,0.3136,0.23700000000000002,0.004000000000000001,0.265,0.1724,0.0016
883779813_Pg355_05.fsa,Pg355,EX_03,EX-S,190,0.2994598919783957,0.4722944588917783,0.01920384076815363,0.06821364272854571,0.048609721944388874,0.06961392278455691,0.022604520904180837
883779813_Pg355_06.fsa,Pg355,EX_03,EX-S,191,0.013991605036977814,0.9686188287027783,0.004397361583050169,0.004997001798920647,0.002998201079352388,0.0021986807915250844,0.0027983210073955623
883779813_Pg355_07.fsa,Pg355,EX_03,EX-S,192,0.014005602240896359,0.9649859943977591,0.006602641056422568,0.006202480992396958,0.0030012004801920765,0.0024009603841536613,0.0028011204481792713
883779813_Pg355_08.fsa,Pg355,EX_03,EX-S,193,0.007404442665599359,0.03862317390434261,0.37522513508104866,0.004602761656994196,0.3572143285971583,0.19931959175505304,0.01761056633980388
883779813_Pg355_09.fsa,Pg355,EX_03,EX-S,194,0.002399520095980804,0.9872025594881024,0.0021995600879824036,0.002999400119976005,0.001199760047990402,0.0017996400719856032,0.0021995600879824036
883779813_Pg355_10.fsa,Pg355,EX_03,EX-S,195,0.0025989604158336665,0.9868052778888444,0.0021991203518592567,0.0031987205117952823,0.0013994402239104358,0.0017992802878848463,0.001999200319872051
883779813_Pg355_11.fsa,Pg355,EX_03,EX-S,196,0.0028,0.986,0.0026,0.0024000000000000002,0.0016,0.0018000000000000002,0.0028
883779813_Pg355_12.fsa,Pg355,EX_03,EX-S,197,0.0037962037962037958,0.9842157842157842,0.0029970029970029966,0.0023976023976023976,0.001998001998001998,0.0025974025974025974,0.001998001998001998
883779813_Pg355_13.fsa,Pg355,EX_03,EX-S,198,0.0102,0.9587999999999999,0.0058000000000000005,0.0082,0.0068000000000000005,0.0072,0.003
883779813_Pg355_14.fsa,Pg355,EX_03,EX-S,199,0.002399040383846462,0.9874050379848062,0.001999200319872051,0.0025989604158336665,0.0017992802878848463,0.0015993602558976412,0.0021991203518592567
883779813_Pg355_15.fsa,Pg355,EX_03,EX-S,200,0.004399120175964807,0.9480103979204159,0.014397120575884824,0.005398920215956808,0.007198560287942413,0.015596880623875225,0.004999000199960009
883779813_Pg355_16.fsa,Pg355,EX_03,EX-S,201,0.004598160735705719,0.012994802079168335,0.9564174330267893,0.002598960415833667,0.014394242303078768,0.006397441023590565,0.002598960415833667
883779813_Pg355_17.fsa,Pg355,EX_03,EX-S,202,0.003,0.9856,0.0027999999999999995,0.0026,0.0014,0.0022,0.0024000000000000002
883779813_Pg355_18.fsa,Pg355,EX_03,EX-S,203,0.0014005602240896359,0.9903961584633852,0.001600640256102441,0.0018007202881152463,0.0010004001600640256,0.0018007202881152463,0.0020008003201280513
883779813_Pg355_19.fsa,Pg355,EX_03,EX-S,204,0.0016,0.99,0.0016,0.002,0.0012000000000000001,0.0018000000000000002,0.0018000000000000002
883779813_Pg355_20.fsa,Pg355,EX_03,EX-S,205,0.007398520295940811,0.8930213957208557,0.013197360527894421,0.0021995600879824036,0.023195360927814435,0.05858828234353129,0.002399520095980804
883779813_Pg355_21.fsa,Pg355,EX_03,EX-S,206,0.0025994801039792045,0.001999600079984003,0.9832033593281343,0.0019996000799840036,0.004399120175964807,0.003599280143971206,0.0021995600879824036
883779813_Pg355_22.fsa,Pg355,EX_03,EX-S,207,0.002601040416166467,0.001800720288115246,0.9723889555822329,0.004201680672268907,0.00860344137655062,0.004401760704281713,0.006002400960384154
883779813_Pg355_23.fsa,Pg355,EX_03,EX-S,208,0.0012007204322593557,0.9899939963978387,0.0010006003602161296,0.0020012007204322593,0.0012007204322593557,0.0030018010806483887,0.0016009605763458075
883779813_Pg355_24.fsa,Pg355,EX_03,EX-S,209,0.00100080064051241,0.9913931144915932,0.00100080064051241,0.0018014411529223382,0.00100080064051241,0.0018014411529223382,0.00200160128102482
883779813_Pg356_01.fsa,Pg356,TNE_02,TNE,210,0.0021978021978021982,0.20019980019980022,0.0015984015984015986,0.0019980019980019984,0.0019980019980019984,0.002397602397602398,0.7896103896103897
883779813_Pg356_02.fsa,Pg356,TNE_02,TNE,211,0.0012007204322593559,0.1989193516109666,0.0014008405043025817,0.003001801080648389,0.0010006003602161296,0.0020012007204322593,0.7924754852911746
883779813_Pg356_03.fsa,Pg356,TNE_02,TNE,212,0.0016003200640128026,0.19803960792158432,0.0016003200640128026,0.003200640128025605,0.001800360072014403,0.0022004400880176037,0.7915583116623325
883779813_Pg356_04.fsa,Pg356,TNE_02,TNE,213,0.0021991203518592567,0.20171931227508996,0.0015993602558976412,0.002399040383846462,0.001999200319872051,0.002399040383846462,0.7876849260295882
883779813_Pg356_05.fsa,Pg356,TNE_02,TNE,214,0.004000800160032006,0.1988397679535907,0.0016003200640128026,0.007401480296059211,0.0014002800560112022,0.0022004400880176037,0.7845569113822765
883779813_Pg356_06.fsa,Pg356,TNE_02,TNE,215,0.0018010806483890337,0.19791875125075045,0.0026015609365619375,0.0048028817290374235,0.0024014408645187117,0.0026015609365619375,0.7878727236341805
883779813_Pg356_07.fsa,Pg356,TNE_02,TNE,216,0.0022,0.20059999999999997,0.0016,0.0024000000000000002,0.002,0.0032,0.7879999999999999
883779813_Pg356_08.fsa,Pg356,TNE_02,TNE,217,0.0022008803521408565,0.18447378951580634,0.0012004801920768309,0.06262505002000801,0.0012004801920768309,0.010204081632653062,0.738095238095238
883779813_Pg356_09.fsa,Pg356,TNE_02,TNE,218,0.0026000000000000003,0.1976,0.0022,0.0024000000000000002,0.002,0.003,0.7901999999999999
883779813_Pg356_10.fsa,Pg356,TNE_02,TNE,219,0.0040016006402561035,0.19747899159663868,0.0016006402561024413,0.004201680672268909,0.0010004001600640259,0.005002000800320129,0.7867146858743498
883779813_Pg356_11.fsa,Pg356,TNE_02,TNE,220,0.003001200480192077,0.19687875150060025,0.001600640256102441,0.0018007202881152463,0.0014005602240896359,0.0024009603841536617,0.7929171668667467
883779813_Pg356_12.fsa,Pg356,TNE_02,TNE,221,0.001999600079984003,0.1985602879424115,0.002399520095980804,0.001999600079984003,0.0021995600879824036,0.002399520095980804,0.7904419116176764
883779813_Pg356_13.fsa,Pg356,TNE_02,TNE,222,0.0010004001600640256,0.1986794717887155,0.001600640256102441,0.0020008003201280513,0.001600640256102441,0.0018007202881152463,0.7933173269307723
883779813_Pg356_14.fsa,Pg356,TNE_02,TNE,223,0.001401120896717374,0.1977582065652522,0.001601281024819856,0.0018014411529223382,0.001401120896717374,0.002201761409127302,0.7938350680544436
883779813_Pg356_15.fsa,Pg356,TNE_02,TNE,224,0.001999200319872051,0.1987205117952819,0.0021991203518592567,0.0027988804478208716,0.0015993602558976412,0.002598960415833667,0.7900839664134346
883779813_Pg356_16.fsa,Pg356,TNE_02,TNE,225,0.017596480703859226,0.21975604879024196,0.02679464107178564,0.032593481303739257,0.004999000199960009,0.004399120175964806,0.693861227754449
883779813_Pg356_17.fsa,Pg356,TNE_02,TNE,226,0.008001600320064013,0.1962392478495699,0.0010002000400080016,0.003200640128025605,0.0010002000400080016,0.0022004400880176033,0.7883576715343068
883779813_Pg356_18.fsa,Pg356,TNE_02,TNE,227,0.0024004800960192043,0.19983996799359874,0.002800560112022404,0.0032006401280256056,0.003400680136027206,0.002800560112022404,0.7855571114222843
