sample_id,population,population_label,state,sample_order,cluster_1,cluster_2,cluster_3
883779813_Pg346_01.fsa,Pg346,IN_01,IN,1,0.00679592244653208,0.0033979612232660408,0.9898061163302019
883779813_Pg346_02.fsa,Pg346,IN_01,IN,2,0.03261304521808724,0.0048019207683073235,0.9625850340136054
883779813_Pg346_03.fsa,Pg346,IN_01,IN,3,0.002799440111977604,0.0025994801039792045,0.9946010797840432
883779813_Pg346_04.fsa,Pg346,IN_01,IN,4,0.002,0.0022,0.9958
883779813_Pg346_05.fsa,Pg346,IN_01,IN,5,0.0020008003201280513,0.0020008003201280513,0.9959983993597439
883779813_Pg346_06.fsa,Pg346,IN_01,IN,6,0.0043991201759648055,0.034993001399720045,0.960607878424315
883779813_Pg346_07.fsa,Pg346,IN_01,IN,7,0.002,0.003,0.9949999999999999
883779813_Pg346_08.fsa,Pg346,IN_01,IN,8,0.0012007204322593559,0.0016009605763458077,0.9971983189913948
883779813_Pg346_09.fsa,Pg346,IN_01,IN,9,0.002,0.0022,0.9958
883779813_Pg346_10.fsa,Pg346,IN_01,IN,10,0.002,0.0034000000000000002,0.9945999999999999
883779813_Pg346_11.fsa,Pg346,IN_01,IN,11,0.001999600079984003,0.0025994801039792045,0.9954009198160367
883779813_Pg346_12.fsa,Pg346,IN_01,IN,12,0.003800760152030406,0.002400480096019204,0.9937987597519504
883779813_Pg346_13.fsa,Pg346,IN_01,IN,13,0.0036,0.0026000000000000003,0.9938
883779813_Pg346_14.fsa,Pg346,IN_01,IN,14,0.002999400119976005,0.003599280143971206,0.9934013197360528
883779813_Pg346_15.fsa,Pg346,IN_01,IN,15,0.001999200319872051,0.0037984806077568977,0.994202319072371
883779813_Pg346_16.fsa,Pg346,IN_01,IN,16,0.002,0.0022,0.9958
883779813_Pg346_17.fsa,Pg346,IN_01,IN,17,0.0036,0.0016,0.9948
883779813_Pg346_18.fsa,Pg346,IN_01,IN,18,0.002000400080016003,0.0022004400880176037,0.9957991598319664
883779813_Pg346_19.fsa,Pg346,IN_01,IN,19,0.002000400080016003,0.0032006401280256056,0.9947989597919584
883779813_Pg346_20.fsa,Pg346,IN_01,IN,20,0.0061987602479504095,0.004399120175964806,0.9894021195760847
883779813_Pg346_21.fsa,Pg346,IN_01,IN,21,0.001999200319872051,0.003998400639744102,0.9940023990403838
883779813_Pg346_22.fsa,Pg346,IN_01,IN,22,0.001999600079984003,0.006398720255948811,0.9916016796640671
883779813_Pg346_23.fsa,Pg346,IN_01,IN,23,0.001999200319872051,0.001999200319872051,0.996001599360256
883779813_Pg346_24.fsa,Pg346,IN_01,IN,24,0.002,0.0024000000000000002,0.9955999999999999
883779813_Pg347_01.fsa,Pg347,KY_02,KY,25,0.002,0.2004,0.7976
883779813_Pg347_02.fsa,Pg347,KY_02,KY,26,0.0016,0.1982,0.8001999999999999
883779813_Pg347_03.fsa,Pg347,KY_02,KY,27,0.002800560112022404,0.2046409281856371,0.7925585117023405
883779813_Pg347_11.fsa,Pg347,KY_02,KY,28,0.0066,0.1824,0.8109999999999999
883779813_Pg347_12.fsa,Pg347,KY_02,KY,29,0.004999000199960009,0.21335732853429312,0.7816436712657469
883779813_Pg347_17.fsa,Pg347,KY_02,KY,30,0.0027983210073955628,0.20007995202878273,0.7971217269638218
883779813_Pg347_18.fsa,Pg347,KY_02,KY,31,0.0098,0.19140000000000001,0.7988
883779813_Pg347_21.fsa,Pg347,KY_02,KY,32,0.0033999999999999994,0.215,0.7816
883779813_Pg347_22.fsa,Pg347,KY_02,KY,33,0.0035985605757696926,0.17912834866053579,0.8172730907636946
883779813_Pg347_23.fsa,Pg347,KY_02,KY,34,0.0019996000799840027,0.18296340731853625,0.8150369926014797
883779813_Pg348_01.fsa,Pg348,EX_01,EX-S,35,0.0021995600879824036,0.20115976804639069,0.7966406718656268
883779813_Pg348_02.fsa,Pg348,EX_01,EX-S,36,0.0036,0.20199999999999996,0.7944
883779813_Pg348_03.fsa,Pg348,EX_01,EX-S,37,0.003200640128025605,0.2024404880976195,0.7943588717743548
883779813_Pg348_04.fsa,Pg348,EX_01,EX-S,38,0.0029982010793523886,0.20067959224465323,0.7963222066759944
883779813_Pg348_05.fsa,Pg348,EX_01,EX-S,39,0.0024000000000000002,0.1934,0.8042
883779813_Pg348_06.fsa,Pg348,EX_01,EX-S,40,0.0013997200559888023,0.20075984803039393,0.7978404319136172
883779813_Pg348_07.fsa,Pg348,EX_01,EX-S,41,0.0016,0.2002,0.7981999999999999
883779813_Pg348_08.fsa,Pg348,EX_01,EX-S,42,0.0016003200640128028,0.20044008801760355,0.7979595919183837
883779813_Pg348_09.fsa,Pg348,EX_01,EX-S,43,0.001999600079984003,0.19296140771845632,0.8050389922015596
883779813_Pg348_10.fsa,Pg348,EX_01,EX-S,44,0.0010004001600640256,0.20048019207683074,0.7985194077631053
883779813_Pg348_11.fsa,Pg348,EX_01,EX-S,45,0.001199760047990402,0.19096180763847231,0.8078384323135374
883779813_Pg348_12.fsa,Pg348,EX_01,EX-S,46,0.0010004001600640256,0.20048019207683074,0.7985194077631053
883779813_Pg348_13.fsa,Pg348,EX_01,EX-S,47,0.001199760047990402,0.2005598880223955,0.7982403519296141
883779813_Pg348_14.fsa,Pg348,EX_01,EX-S,48,0.0019988007195682594,0.19888067159704179,0.79912052768339
883779813_Pg348_15.fsa,Pg348,EX_01,EX-S,49,0.002,0.2004,0.7976
883779813_Pg348_16.fsa,Pg348,EX_01,EX-S,50,0.002,0.2004,0.7976
883779813_Pg348_17.fsa,Pg348,EX_01,EX-S,51,0.001999600079984003,0.19976004799040192,0.7982403519296141
883779813_Pg348_18.fsa,Pg348,EX_01,EX-S,52,0.004000800160032006,0.2044408881776355,0.7915583116623325
883779813_Pg348_19.fsa,Pg348,EX_01,EX-S,53,0.002,0.20099999999999998,0.7969999999999999
883779813_Pg348_20.fsa,Pg348,EX_01,EX-S,54,0.002,0.20119999999999996,0.7968
883779813_Pg348_21.fsa,Pg348,EX_01,EX-S,55,0.003,0.20059999999999997,0.7964
883779813_Pg348_22.fsa,Pg348,EX_01,EX-S,56,0.001999200319872051,0.20051979208316673,0.7974810075969612
883779813_Pg348_23.fsa,Pg348,EX_01,EX-S,57,0.006801360272054411,0.20484096819363867,0.7883576715343068
883779813_Pg348_24.fsa,Pg348,EX_01,EX-S,58,0.0178,0.20179999999999998,0.7804
883779813_Pg349_01.fsa,Pg349,KY_01,KY,59,0.013202640528105622,0.013202640528105622,0.9735947189437888
883779813_Pg349_02.fsa,Pg349,KY_01,KY,60,0.0064,0.0066,0.9869999999999999
883779813_Pg349_03.fsa,Pg349,KY_01,KY,61,0.002399520095980804,0.002999400119976005,0.9946010797840432
883779813_Pg349_04.fsa,Pg349,KY_01,KY,62,0.002,0.0028,0.9952
883779813_Pg349_07.fsa,Pg349,KY_01,KY,63,0.002000400080016003,0.002800560112022405,0.9951990398079615
883779813_Pg349_08.fsa,Pg349,KY_01,KY,64,0.002601040416166467,0.003601440576230492,0.993797519007603
883779813_Pg349_09.fsa,Pg349,KY_01,KY,65,0.0019988007195682594,0.002398560863481911,0.9956026384169498
883779813_Pg349_10.fsa,Pg349,KY_01,KY,66,0.001800720288115246,0.004201680672268908,0.9939975990396158
883779813_Pg349_11.fsa,Pg349,KY_01,KY,67,0.002399520095980804,0.008198360327934416,0.9894021195760847
883779813_Pg349_12.fsa,Pg349,KY_01,KY,68,0.0012000000000000001,0.0028,0.9959999999999999
883779813_Pg349_13.fsa,Pg349,KY_01,KY,69,0.0038,0.0054,0.9907999999999999
883779813_Pg349_14.fsa,Pg349,KY_01,KY,70,0.002,0.0024000000000000002,0.9955999999999999
883779813_Pg349_15.fsa,Pg349,KY_01,KY,71,0.003,0.0033999999999999994,0.9936
883779813_Pg349_16.fsa,Pg349,KY_01,KY,72,0.001999600079984003,0.0031993601279744054,0.9948010397920415
883779813_Pg349_17.fsa,Pg349,KY_01,KY,73,0.0024000000000000002,0.006,0.9916
883779813_Pg349_18.fsa,Pg349,KY_01,KY,74,0.002999400119976005,0.004199160167966408,0.9928014397120576
883779813_Pg349_19.fsa,Pg349,KY_01,KY,75,0.0024000000000000002,0.006599999999999999,0.991
883779813_Pg349_20.fsa,Pg349,KY_01,KY,76,0.002,0.0036000000000000003,0.9944
883779813_Pg349_21.fsa,Pg349,KY_01,KY,77,0.002000400080016003,0.0030006001200240046,0.99499899979996
883779813_Pg349_22.fsa,Pg349,KY_01,KY,78,0.00699720111955218,0.011995201919232307,0.9810075969612156
883779813_Pg349_23.fsa,Pg349,KY_01,KY,79,0.002,0.0028,0.9952
883779813_Pg349_24.fsa,Pg349,KY_01,KY,80,0.0027994401119776045,0.005398920215956809,0.9918016396720656
883779813_Pg350_01.fsa,Pg350,KY_03,KY,81,0.0022,0.0026,0.9952
883779813_Pg350_02.fsa,Pg350,KY_03,KY,82,0.019799999999999998,0.4,0.5802000000000002
883779813_Pg350_03.fsa,Pg350,KY_03,KY,83,0.0037992401519696063,0.002399520095980804,0.9938012397520496
883779813_Pg350_04.fsa,Pg350,KY_03,KY,84,0.0020008003201280513,0.006002400960384155,0.9919967987194878
883779813_Pg350_05.fsa,Pg350,KY_03,KY,85,0.001999200319872051,0.004798080767692924,0.9932027189124351
883779813_Pg350_06.fsa,Pg350,KY_03,KY,86,0.005,0.0098,0.9852000000000001
883779813_Pg350_07.fsa,Pg350,KY_03,KY,87,0.0022,0.003,0.9948
883779813_Pg350_08.fsa,Pg350,KY_03,KY,88,0.1358,0.03660000000000001,0.8276
883779813_Pg350_09.fsa,Pg350,KY_03,KY,89,0.005002000800320128,0.0048019207683073235,0.9901960784313725
883779813_Pg350_10.fsa,Pg350,KY_03,KY,90,0.0036000000000000003,0.021200000000000004,0.9752000000000001
883779813_Pg350_11.fsa,Pg350,KY_03,KY,91,0.008796481407437025,0.008396641343462616,0.9828068772491002
883779813_Pg350_12.fsa,Pg350,KY_03,KY,92,0.007001400280056012,0.005001000200040009,0.987997599519904
883779813_Pg350_13.fsa,Pg350,KY_03,KY,93,0.003399320135972806,0.007398520295940811,0.9892021595680864
883779813_Pg350_14.fsa,Pg350,KY_03,KY,94,0.07981596319263853,0.015803160632126428,0.904380876175235
883779813_Pg350_15.fsa,Pg350,KY_03,KY,95,0.002000400080016003,0.04780956191238248,0.9501900380076016
883779813_Pg350_16.fsa,Pg350,KY_03,KY,96,0.002600520104020805,0.00600120024004801,0.9913982796559311
883779813_Pg350_17.fsa,Pg350,KY_03,KY,97,0.0015993602558976412,0.0035985605757696926,0.9948020791683326
883779813_Pg350_18.fsa,Pg350,KY_03,KY,98,0.012195121951219513,0.19592163134746104,0.7918832467013195
883779813_Pg350_19.fsa,Pg350,KY_03,KY,99,0.0019988007195682594,0.005996402158704778,0.9920047971217271
883779813_Pg350_20.fsa,Pg350,KY_03,KY,100,0.0026000000000000003,0.0048000000000000004,0.9926
883779813_Pg350_21.fsa,Pg350,KY_03,KY,101,0.00100080064051241,0.001601281024819856,0.9973979183346677
883779813_Pg350_22.fsa,Pg350,KY_03,KY,102,0.0022004400880176033,0.010802160432086417,0.986997399479896
883779813_Pg351_01.fsa,Pg351,KY_04,KY,103,0.0020004000800160028,0.007601520304060812,0.9903980796159232
883779813_Pg351_02.fsa,Pg351,KY_04,KY,104,0.10897820435912821,0.02879424115176965,0.8622275544891023
883779813_Pg351_03.fsa,Pg351,KY_04,KY,105,0.025994801039792046,0.026994601079784047,0.9470105978804239
883779813_Pg351_04.fsa,Pg351,KY_04,KY,106,0.001999600079984003,0.003999200159968007,0.994001199760048
883779813_Pg351_05.fsa,Pg351,KY_04,KY,107,0.019003800760152033,0.01820364072814563,0.9627925585117023
883779813_Pg351_06.fsa,Pg351,KY_04,KY,108,0.005802320928371349,0.008403361344537816,0.9857943177270908
883779813_Pg351_07.fsa,Pg351,KY_04,KY,109,0.003201280512204882,0.07503001200480192,0.9217687074829931
883779813_Pg351_08.fsa,Pg351,KY_04,KY,110,0.001999200319872051,0.006397441023590565,0.9916033586565374
883779813_Pg351_09.fsa,Pg351,KY_04,KY,111,0.003399320135972806,0.03659268146370726,0.96000799840032
883779813_Pg351_10.fsa,Pg351,KY_04,KY,112,0.0025994801039792045,0.002399520095980804,0.99500099980004
883779813_Pg351_11.fsa,Pg351,KY_04,KY,113,0.006197520991603359,0.09796081567373052,0.8958416633346662
883779813_Pg351_12.fsa,Pg351,KY_04,KY,114,0.0025994801039792045,0.07298540291941612,0.9244151169766048
883779813_Pg351_13.fsa,Pg351,KY_04,KY,115,0.01699660067986403,0.010797840431913617,0.9722055588882225
883779813_Pg351_14.fsa,Pg351,KY_04,KY,116,0.036,0.0082,0.9558
883779813_Pg351_15.fsa,Pg351,KY_04,KY,117,0.008601720344068814,0.013202640528105622,0.9781956391278255
883779813_Pg351_16.fsa,Pg351,KY_04,KY,118,0.0031993601279744054,0.01619676064787043,0.9806038792241552
883779813_Pg351_17.fsa,Pg351,KY_04,KY,119,0.001999200319872051,0.0059976009596161535,0.9920031987205118
883779813_Pg351_18.fsa,Pg351,KY_04,KY,120,0.0032,0.0048000000000000004,0.992
883779813_Pg351_19.fsa,Pg351,KY_04,KY,121,0.0021991203518592567,0.007397041183526589,0.9904038384646141
883779813_Pg351_20.fsa,Pg351,KY_04,KY,122,0.0024000000000000002,0.003,0.9945999999999999
883779813_Pg351_21.fsa,Pg351,KY_04,KY,123,0.0058,0.0066,0.9875999999999999
883779813_Pg351_22.fsa,Pg351,KY_04,KY,124,0.00899640143942423,0.02918832467013195,0.9618152738904439
883779813_Pg351_23.fsa,Pg351,KY_04,KY,125,0.013397320535892822,0.018396320735852834,0.9682063587282543
883779813_Pg351_24.fsa,Pg351,KY_04,KY,126,0.004599080183963208,0.0031993601279744054,0.9922015596880623
883779813_Pg352_01.fsa,Pg352,KY_05,KY,127,0.0033986405437824874,0.19992003198720515,0.7966813274690124
883779813_Pg352_02.fsa,Pg352,KY_05,KY,128,0.0034013605442176865,0.2010804321728691,0.7955182072829131
883779813_Pg352_03.fsa,Pg352,KY_05,KY,129,0.010802160432086419,0.1870374074814963,0.8021604320864173
883779813_Pg352_04.fsa,Pg352,KY_05,KY,130,0.0028,0.20059999999999997,0.7966
883779813_Pg352_05.fsa,Pg352,KY_05,KY,131,0.002999400119976005,0.15516896620675866,0.8418316336732653
883779813_Pg352_06.fsa,Pg352,KY_05,KY,132,0.0031993601279744054,0.1799640071985603,0.8168366326734653
883779813_Pg352_07.fsa,Pg352,KY_05,KY,133,0.0031987205117952823,0.1985205917632947,0.79828068772491
883779813_Pg352_08.fsa,Pg352,KY_05,KY,134,0.0032,0.20479999999999995,0.792
883779813_Pg352_09.fsa,Pg352,KY_05,KY,135,0.0048009601920384086,0.2020404080816163,0.7931586317263453
883779813_Pg352_10.fsa,Pg352,KY_05,KY,136,0.0037984806077568972,0.20031987205117954,0.7958816473410636
883779813_Pg352_11.fsa,Pg352,KY_05,KY,137,0.0046,0.20600000000000002,0.7894
883779813_Pg352_12.fsa,Pg352,KY_05,KY,138,0.004602761656994196,0.20372223334000397,0.7916750050030018
883779813_Pg352_13.fsa,Pg352,KY_05,KY,139,0.0031993601279744054,0.2001599680063987,0.7966406718656268
883779813_Pg352_14.fsa,Pg352,KY_05,KY,140,0.0024000000000000002,0.20359999999999995,0.794
883779813_Pg352_15.fsa,Pg352,KY_05,KY,141,0.004000800160032006,0.20024004800960193,0.7957591518303662
883779813_Pg352_16.fsa,Pg352,KY_05,KY,142,0.016,0.2,0.784
883779813_Pg352_17.fsa,Pg352,KY_05,KY,143,0.015593762495001998,0.23650539784086366,0.7479008396641343
883779813_Pg352_18.fsa,Pg352,KY_05,KY,144,0.004598160735705718,0.20211915233906438,0.79328268692523
883779813_Pg352_19.fsa,Pg352,KY_05,KY,145,0.0032,0.20059999999999997,0.7962
883779813_Pg352_20.fsa,Pg352,KY_05,KY,146,0.0158,0.151,0.8332
883779813_Pg352_21.fsa,Pg352,KY_05,KY,147,0.005,0.1978,0.7971999999999999
883779813_Pg352_22.fsa,Pg352,KY_05,KY,148,0.003,0.2002,0.7968
883779813_Pg352_23.fsa,Pg352,KY_05,KY,149,0.0026000000000000003,0.2,0.7973999999999999
883779813_Pg352_24.fsa,Pg352,KY_05,KY,150,0.0042,0.20399999999999996,0.7918000000000001
883779813_Pg353_01.fsa,Pg353,EX_02,EX-S,151,0.6858743497398959,0.020008003201280516,0.2941176470588235
883779813_Pg353_02.fsa,Pg353,EX_02,EX-S,152,0.9288142371525695,0.014197160567886424,0.0569886022795441
883779813_Pg353_03.fsa,Pg353,EX_02,EX-S,153,0.2582,0.006,0.7358
883779813_Pg353_04.fsa,Pg353,EX_02,EX-S,154,0.16219999999999998,0.093,0.7447999999999999
883779813_Pg353_05.fsa,Pg353,EX_02,EX-S,155,0.08221644328865772,0.10082016403280655,0.8169633926785357
883779813_Pg353_06.fsa,Pg353,EX_02,EX-S,156,0.6454709058188361,0.004799040191961608,0.34973005398920215
883779813_Pg353_07.fsa,Pg353,EX_02,EX-S,157,0.9943988797759551,0.003200640128025605,0.002400480096019204
883779813_Pg353_08.fsa,Pg353,EX_02,EX-S,158,0.13237352529494104,0.029194161167766443,0.8384323135372924
883779813_Pg353_09.fsa,Pg353,EX_02,EX-S,159,0.08103241296518607,0.06222488995598239,0.8567426970788315
883779813_Pg353_10.fsa,Pg353,EX_02,EX-S,160,0.38152369526094787,0.07018596280743851,0.5482903419316136
883779813_Pg353_11.fsa,Pg353,EX_02,EX-S,161,0.311,0.053000000000000005,0.6360000000000001
883779813_Pg353_12.fsa,Pg353,EX_02,EX-S,162,0.5021004200840168,0.0054010802160432084,0.49249849969994003
883779813_Pg353_13.fsa,Pg353,EX_02,EX-S,163,0.3555422168867547,0.005202080832332933,0.6392557022809123
883779813_Pg353_14.fsa,Pg353,EX_02,EX-S,164,0.8193999999999999,0.0126,0.168
883779813_Pg353_15.fsa,Pg353,EX_02,EX-S,165,0.5435999999999999,0.012,0.4444
883779813_Pg353_16.fsa,Pg353,EX_02,EX-S,166,0.004000800160032006,0.003200640128025605,0.9927985597119424
883779813_Pg353_17.fsa,Pg353,EX_02,EX-S,167,0.4903019396120776,0.004999000199960009,0.5046990601879624
883779813_Pg353_18.fsa,Pg353,EX_02,EX-S,168,0.5125025005001,0.0032006401280256056,0.4842968593718744
883779813_Pg353_19.fsa,Pg353,EX_02,EX-S,169,0.668267306922769,0.07643057222889156,0.2553021208483393
883779813_Pg353_20.fsa,Pg353,EX_02,EX-S,170,0.8468,0.042,0.11120000000000001
883779813_Pg353_21.fsa,Pg353,EX_02,EX-S,171,0.127374525094981,0.008198360327934416,0.8644271145770847
883779813_Pg353_22.fsa,Pg353,EX_02,EX-S,172,0.1476,0.09780000000000001,0.7545999999999999
883779813_Pg353_23.fsa,Pg353,EX_02,EX-S,173,0.9773999999999999,0.0054,0.0172
883779813_Pg353_24.fsa,Pg353,EX_02,EX-S,174,0.372,0.1264,0.5016
883779813_Pg354_01.fsa,Pg354,KY_06,KY,175,0.0032006401280256047,0.003800760152030406,0.992998599719944
883779813_Pg354_02.fsa,Pg354,KY_06,KY,176,0.008401680336067216,0.0038007601520304063,0.9877975595119024
883779813_Pg354_10.fsa,Pg354,KY_06,KY,177,0.0026000000000000003,0.0052,0.9922000000000001
883779813_Pg354_11.fsa,Pg354,KY_06,KY,178,0.0016,0.004000000000000001,0.9944
883779813_Pg354_12.fsa,Pg354,KY_06,KY,179,0.0026000000000000003,0.0036000000000000003,0.9937999999999999
883779813_Pg354_13.fsa,Pg354,KY_06,KY,180,0.006001200240048009,0.004000800160032006,0.98999799959992
883779813_Pg354_14.fsa,Pg354,KY_06,KY,181,0.002,0.003,0.9949999999999999
883779813_Pg354_15.fsa,Pg354,KY_06,KY,182,0.003001200480192077,0.009403761504601841,0.9875950380152061
883779813_Pg354_22.fsa,Pg354,KY_06,KY,183,0.004201680672268909,0.011204481792717089,0.9845938375350141
883779813_Pg354_23.fsa,Pg354,KY_06,KY,184,0.004200000000000001,0.003,0.9927999999999999
883779813_Pg354_24.fsa,Pg354,KY_06,KY,185,0.006398720255948812,0.002599480103979205,0.9910017996400721
883779813_Pg355_01.fsa,Pg355,EX_03,EX-S,186,0.9955991198239649,0.003200640128025606,0.0012002400480096024
883779813_Pg355_02.fsa,Pg355,EX_03,EX-S,187,0.9942011597680463,0.0035992801439712063,0.0021995600879824036
883779813_Pg355_03.fsa,Pg355,EX_03,EX-S,188,0.9745949189837968,0.0032006401280256056,0.022204440888177635
883779813_Pg355_04.fsa,Pg355,EX_03,EX-S,189,0.35665733706517394,0.004598160735705716,0.6387445021991203
883779813_Pg355_05.fsa,Pg355,EX_03,EX-S,190,0.5496900619876024,0.09558088382323535,0.3547290541891622
883779813_Pg355_06.fsa,Pg355,EX_03,EX-S,191,0.9763952790558112,0.015203040608121625,0.008401680336067214
883779813_Pg355_07.fsa,Pg355,EX_03,EX-S,192,0.9713999999999998,0.0182,0.0104
883779813_Pg355_08.fsa,Pg355,EX_03,EX-S,193,0.13402680536107223,0.0584116823364673,0.8075615123024604
883779813_Pg355_09.fsa,Pg355,EX_03,EX-S,194,0.9945967580548329,0.003001801080648389,0.0024014408645187117
883779813_Pg355_10.fsa,Pg355,EX_03,EX-S,195,0.994001199760048,0.0031993601279744054,0.002799440111977604
883779813_Pg355_11.fsa,Pg355,EX_03,EX-S,196,0.9935974389755903,0.0036014405762304926,0.0028011204481792717
883779813_Pg355_12.fsa,Pg355,EX_03,EX-S,197,0.9924,0.003999999999999999,0.0036
883779813_Pg355_13.fsa,Pg355,EX_03,EX-S,198,0.9729945989197839,0.009201840368073614,0.017803560712142428
883779813_Pg355_14.fsa,Pg355,EX_03,EX-S,199,0.9937999999999999,0.0036,0.0026000000000000003
883779813_Pg355_15.fsa,Pg355,EX_03,EX-S,200,0.983189913948369,0.0030018010806483887,0.01380828497098259
883779813_Pg355_16.fsa,Pg355,EX_03,EX-S,201,0.008400000000000001,0.007200000000000001,0.9843999999999999
883779813_Pg355_17.fsa,Pg355,EX_03,EX-S,202,0.9929971988795518,0.004201680672268909,0.0028011204481792717
883779813_Pg355_18.fsa,Pg355,EX_03,EX-S,203,0.9958,0.0022,0.002
883779813_Pg355_19.fsa,Pg355,EX_03,EX-S,204,0.9954027583449929,0.0025984409354387365,0.001998800719568259
883779813_Pg355_20.fsa,Pg355,EX_03,EX-S,205,0.9686,0.006,0.0254
883779813_Pg355_21.fsa,Pg355,EX_03,EX-S,206,0.00599880023995201,0.0037992401519696063,0.9902019596080783
883779813_Pg355_22.fsa,Pg355,EX_03,EX-S,207,0.008001600320064013,0.013802760552110424,0.9781956391278255
883779813_Pg355_23.fsa,Pg355,EX_03,EX-S,208,0.9962,0.0024000000000000002,0.0014
883779813_Pg355_24.fsa,Pg355,EX_03,EX-S,209,0.9957991598319664,0.002800560112022404,0.0014002800560112022
883779813_Pg356_01.fsa,Pg356,TNE_02,TNE,210,0.43005803482089255,0.5671402841705023,0.002801681008605163
883779813_Pg356_02.fsa,Pg356,TNE_02,TNE,211,0.3993201359728054,0.5984803039392121,0.0021995600879824036
883779813_Pg356_03.fsa,Pg356,TNE_02,TNE,212,0.3987202559488102,0.5984803039392121,0.0027994401119776045
883779813_Pg356_04.fsa,Pg356,TNE_02,TNE,213,0.4020804160832167,0.5959191838367673,0.002000400080016003
883779813_Pg356_05.fsa,Pg356,TNE_02,TNE,214,0.3988,0.5988,0.0024000000000000002
883779813_Pg356_06.fsa,Pg356,TNE_02,TNE,215,0.39952009598080385,0.5966806638672265,0.0037992401519696063
883779813_Pg356_07.fsa,Pg356,TNE_02,TNE,216,0.4009207365892714,0.5970776621297037,0.00200160128102482
883779813_Pg356_08.fsa,Pg356,TNE_02,TNE,217,0.3772,0.6207999999999999,0.002
883779813_Pg356_09.fsa,Pg356,TNE_02,TNE,218,0.3988404638144742,0.597361055577769,0.0037984806077568972
883779813_Pg356_10.fsa,Pg356,TNE_02,TNE,219,0.39759999999999995,0.6002,0.0022
883779813_Pg356_11.fsa,Pg356,TNE_02,TNE,220,0.3973205358928214,0.5986802639472105,0.003999200159968006
883779813_Pg356_12.fsa,Pg356,TNE_02,TNE,221,0.4006397441023591,0.5931627349060375,0.006197520991603359
883779813_Pg356_13.fsa,Pg356,TNE_02,TNE,222,0.3992798559711942,0.599119823964793,0.0016003200640128028
883779813_Pg356_14.fsa,Pg356,TNE_02,TNE,223,0.3983203359328134,0.5990801839632073,0.002599480103979204
883779813_Pg356_15.fsa,Pg356,TNE_02,TNE,224,0.40571885622875425,0.5912817436512697,0.002999400119976005
883779813_Pg356_16.fsa,Pg356,TNE_02,TNE,225,0.4096,0.5734,0.016999999999999998
883779813_Pg356_17.fsa,Pg356,TNE_02,TNE,226,0.3920784156831366,0.6057211442288457,0.0022004400880176037
883779813_Pg356_18.fsa,Pg356,TNE_02,TNE,227,0.4016393442622951,0.5947620951619352,0.003598560575769692
883779813_Pg356_19.fsa,Pg356,TNE_02,TNE,228,0.39692061587682453,0.6006798640271945,0.002399520095980804
883779813_Pg356_20.fsa,Pg356,TNE_02,TNE,229,0.39712057588482297,0.6000799840031993,0.002799440111977604
883779813_Pg356_21.fsa,Pg356,TNE_02,TNE,230,0.396,0.6016,0.0024000000000000002
883779813_Pg356_22.fsa,Pg356,TNE_02,TNE,231,0.40012009607686155,0.5958767013610888,0.00400320256204964
883779813_Pg356_23.fsa,Pg356,TNE_02,TNE,232,0.39547909581916385,0.6019203840768154,0.0026005201040208044
883779813_Pg356_24.fsa,Pg356,TNE_02,TNE,233,0.3977204559088182,0.599480103979204,0.002799440111977604
883779813_Pg357_01.fsa,Pg357,TNE_01,TNE,234,0.2017596480703859,0.7960407918416317,0.0021995600879824036
883779813_Pg357_02.fsa,Pg357,TNE_01,TNE,235,0.20184036807361472,0.7969593918783757,0.0012002400480096021
883779813_Pg357_03.fsa,Pg357,TNE_01,TNE,236,0.20099999999999998,0.796,0.003
883779813_Pg357_04.fsa,Pg357,TNE_01,TNE,237,0.2007204322593556,0.7978787272363418,0.0014008405043025817
883779813_Pg357_05.fsa,Pg357,TNE_01,TNE,238,0.20011995201919233,0.7974810075969612,0.002399040383846462
883779813_Pg357_06.fsa,Pg357,TNE_01,TNE,239,0.20115976804639069,0.7966406718656268,0.0021995600879824036
883779813_Pg357_07.fsa,Pg357,TNE_01,TNE,240,0.20115976804639069,0.7970405918816237,0.0017996400719856032
883779813_Pg357_08.fsa,Pg357,TNE_01,TNE,241,0.024009603841536616,0.053621448579431776,0.9223689475790317
883779813_Pg357_09.fsa,Pg357,TNE_01,TNE,242,0.199,0.7973999999999999,0.0036000000000000003
883779813_Pg357_10.fsa,Pg357,TNE_01,TNE,243,0.20059999999999997,0.7968,0.0026000000000000003
883779813_Pg357_11.fsa,Pg357,TNE_01,TNE,244,0.20088035214085634,0.797719087635054,0.0014005602240896359
883779813_Pg357_12.fsa,Pg357,TNE_01,TNE,245,0.20179999999999992,0.7962,0.002
883779813_Pg357_13.fsa,Pg357,TNE_01,TNE,246,0.2017193122750899,0.796281487405038,0.001999200319872051
883779813_Pg357_14.fsa,Pg357,TNE_01,TNE,247,0.20035992801439712,0.7972405518896221,0.002399520095980804
883779813_Pg357_15.fsa,Pg357,TNE_01,TNE,248,0.20159999999999995,0.7948000000000001,0.0036000000000000003
883779813_Pg357_16.fsa,Pg357,TNE_01,TNE,249,0.2005598880223955,0.7978404319136172,0.0015996800639872027
883779813_Pg357_17.fsa,Pg357,TNE_01,TNE,250,0.2004,0.7964,0.0032
883779813_Pg357_18.fsa,Pg357,TNE_01,TNE,251,0.20004000800160035,0.7973594718943788,0.002600520104020805
883779813_Pg357_19.fsa,Pg357,TNE_01,TNE,252,0.20147911253248046,0.7963222066759944,0.0021986807915250852
883779813_Pg357_20.fsa,Pg357,TNE_01,TNE,253,0.20024004800960193,0.7975595119023804,0.0022004400880176037
883779813_Pg357_21.fsa,Pg357,TNE_01,TNE,254,0.20059999999999997,0.7976,0.0018000000000000002
883779813_Pg357_22.fsa,Pg357,TNE_01,TNE,255,0.202,0.792,0.006
883779813_Pg357_23.fsa,Pg357,TNE_01,TNE,256,0.2053231939163498,0.7934760856513909,0.0012007204322593559
883779813_Pg357_24.fsa,Pg357,TNE_01,TNE,257,0.20011995201919233,0.7974810075969612,0.002399040383846462
883779813_Pg358_01.fsa,Pg358,TNW_04,TNW,258,0.9931986397279455,0.003800760152030406,0.0030006001200240046
883779813_Pg358_02.fsa,Pg358,TNW_04,TNW,259,0.9959975985591355,0.0028016810086051625,0.0012007204322593557
883779813_Pg358_03.fsa,Pg358,TNW_04,TNW,260,0.9938,0.004200000000000001,0.002
883779813_Pg358_04.fsa,Pg358,TNW_04,TNW,261,0.9936012797440512,0.005198960207958409,0.001199760047990402
883779813_Pg358_05.fsa,Pg358,TNW_04,TNW,262,0.9958008398320335,0.002199560087982403,0.0019996000799840027
883779813_Pg358_06.fsa,Pg358,TNW_04,TNW,263,0.9955999999999999,0.002,0.0024000000000000002
883779813_Pg358_07.fsa,Pg358,TNW_04,TNW,264,0.9826,0.014600000000000002,0.0028000000000000004
883779813_Pg358_08.fsa,Pg358,TNW_04,TNW,265,0.9961984793917567,0.0028011204481792717,0.0010004001600640256
883779813_Pg358_09.fsa,Pg358,TNW_04,TNW,266,0.879375875175035,0.11202240448089619,0.008601720344068814
883779813_Pg358_10.fsa,Pg358,TNW_04,TNW,267,0.9550000000000001,0.0334,0.0116
883779813_Pg358_11.fsa,Pg358,TNW_04,TNW,268,0.9924030387844861,0.005597760895641744,0.001999200319872051
883779813_Pg358_12.fsa,Pg358,TNW_04,TNW,269,0.8258000000000001,0.16360000000000002,0.010600000000000002
883779813_Pg358_13.fsa,Pg358,TNW_04,TNW,270,0.9907999999999999,0.006200000000000001,0.003
883779813_Pg358_14.fsa,Pg358,TNW_04,TNW,271,0.9951971182709626,0.003402041224734841,0.0014008405043025817
883779813_Pg358_15.fsa,Pg358,TNW_04,TNW,272,0.9799959991998399,0.011002200440088017,0.009001800360072013
883779813_Pg358_16.fsa,Pg358,TNW_04,TNW,273,0.9851970394078815,0.01120224044808962,0.003600720144028806
883779813_Pg358_17.fsa,Pg358,TNW_04,TNW,274,0.9514097180563887,0.045790841831633664,0.0027994401119776037
883779813_Pg358_18.fsa,Pg358,TNW_04,TNW,275,0.9851940776310524,0.008403361344537815,0.0064025610244097635
883779813_Pg358_19.fsa,Pg358,TNW_04,TNW,276,0.9351870374074815,0.03280656131226245,0.03200640128025605
883779813_Pg358_20.fsa,Pg358,TNW_04,TNW,277,0.9948010397920415,0.0037992401519696063,0.0013997200559888023
883779813_Pg358_21.fsa,Pg358,TNW_04,TNW,278,0.9925955573344006,0.0032019211526916154,0.004202521512907746
883779813_Pg358_22.fsa,Pg358,TNW_04,TNW,279,0.99500099980004,0.002999400119976005,0.001999600079984003
883779813_Pg358_23.fsa,Pg358,TNW_04,TNW,280,0.9928014397120576,0.0031993601279744054,0.003999200159968006
883779813_Pg358_24.fsa,Pg358,TNW_04,TNW,281,0.9956017592962814,0.0023990403838464614,0.0019992003198720507
883779813_Pg359_01.fsa,Pg359,TNW_05,TNW,282,0.9873999999999998,0.0098,0.0027999999999999995
883779813_Pg359_02.fsa,Pg359,TNW_05,TNW,283,0.9756,0.013800000000000002,0.010599999999999998
883779813_Pg359_03.fsa,Pg359,TNW_05,TNW,284,0.9876024795040992,0.006798640271945612,0.00559888022395521
883779813_Pg359_04.fsa,Pg359,TNW_05,TNW,285,0.9799959991998399,0.008001600320064013,0.012002400480096018
883779813_Pg359_05.fsa,Pg359,TNW_05,TNW,286,0.9931986397279455,0.003200640128025605,0.0036007201440288058
883779813_Pg359_06.fsa,Pg359,TNW_05,TNW,287,0.9911999999999999,0.0038,0.005
883779813_Pg359_07.fsa,Pg359,TNW_05,TNW,288,0.9828034393121375,0.007798440311937612,0.009398120375924815
883779813_Pg359_08.fsa,Pg359,TNW_05,TNW,289,0.9453890778155631,0.04780956191238247,0.006801360272054411
883779813_Pg359_09.fsa,Pg359,TNW_05,TNW,290,0.9503999999999999,0.013000000000000001,0.0366
883779813_Pg359_10.fsa,Pg359,TNW_05,TNW,291,0.9948010397920415,0.0031993601279744054,0.001999600079984003
883779813_Pg359_11.fsa,Pg359,TNW_05,TNW,292,0.990203918432627,0.004798080767692924,0.004998000799680128
883779813_Pg359_12.fsa,Pg359,TNW_05,TNW,293,0.9377875575115022,0.05601120224044809,0.006201240248049609
883779813_Pg359_13.fsa,Pg359,TNW_05,TNW,294,0.9703999999999999,0.0216,0.008
883779813_Pg359_14.fsa,Pg359,TNW_05,TNW,295,0.983003399320136,0.013997200559888021,0.002999400119976005
883779813_Pg359_15.fsa,Pg359,TNW_05,TNW,296,0.9573829531812725,0.010004001600640256,0.032613045218087236
883779813_Pg359_16.fsa,Pg359,TNW_05,TNW,297,0.9517999999999999,0.0422,0.006
883779813_Pg359_17.fsa,Pg359,TNW_05,TNW,298,0.9939975990396158,0.0036014405762304917,0.0024009603841536617
883779813_Pg359_18.fsa,Pg359,TNW_05,TNW,299,0.9599919983996799,0.014602920584116826,0.025405081016203243
883779813_Pg359_19.fsa,Pg359,TNW_05,TNW,300,0.9783999999999999,0.019200000000000002,0.0024000000000000002
883779813_Pg359_20.fsa,Pg359,TNW_05,TNW,301,0.9955999999999999,0.0026000000000000003,0.0018000000000000002
883779813_Pg359_21.fsa,Pg359,TNW_05,TNW,302,0.918383676735347,0.07021404280856172,0.011402280456091216
883779813_Pg359_22.fsa,Pg359,TNW_05,TNW,303,0.9948,0.0022,0.003
883779813_Pg359_23.fsa,Pg359,TNW_05,TNW,304,0.9721944388877775,0.01180236047209442,0.016003200640128026
883779813_Pg359_24.fsa,Pg359,TNW_05,TNW,305,0.9958,0.002,0.0022
883779813_Pg360_01.fsa,Pg360,TNW_03,TNW,306,0.5999600159936026,0.3980407836865254,0.001999200319872051
883779813_Pg360_02.fsa,Pg360,TNW_03,TNW,307,0.5120927443533879,0.4817109734159505,0.006196282230661603
883779813_Pg360_03.fsa,Pg360,TNW_03,TNW,308,0.5978,0.39999999999999997,0.0022
883779813_Pg360_04.fsa,Pg360,TNW_03,TNW,309,0.5912817436512697,0.4003199360127974,0.008398320335932815
883779813_Pg360_05.fsa,Pg360,TNW_03,TNW,310,0.5984,0.39919999999999994,0.0024000000000000002
883779813_Pg360_06.fsa,Pg360,TNW_03,TNW,311,0.5986,0.39899999999999997,0.0024000000000000002
883779813_Pg360_07.fsa,Pg360,TNW_03,TNW,312,0.5904819036192762,0.40731853629274145,0.002199560087982403
883779813_Pg360_08.fsa,Pg360,TNW_03,TNW,313,0.5757999999999999,0.4208,0.0034000000000000002
883779813_Pg360_09.fsa,Pg360,TNW_03,TNW,314,0.505498900219956,0.2917416516696661,0.20275944811037797
883779813_Pg360_10.fsa,Pg360,TNW_03,TNW,315,0.5954427343593844,0.4009594243453927,0.0035978412952228666
883779813_Pg360_11.fsa,Pg360,TNW_03,TNW,316,0.5830833833233353,0.41391721655668867,0.002999400119976005
883779813_Pg360_12.fsa,Pg360,TNW_03,TNW,317,0.5949189837967593,0.40148029605921187,0.003600720144028806
883779813_Pg360_13.fsa,Pg360,TNW_03,TNW,318,0.5983196639327866,0.40028005601120226,0.0014002800560112022
883779813_Pg360_14.fsa,Pg360,TNW_03,TNW,319,0.5982803439312138,0.40011997600479904,0.0015996800639872027
883779813_Pg360_15.fsa,Pg360,TNW_03,TNW,320,0.5838832233553289,0.41271745650869823,0.003399320135972806
883779813_Pg360_16.fsa,Pg360,TNW_03,TNW,321,0.6000400160064026,0.39855942376950787,0.001400560224089636
883779813_Pg360_17.fsa,Pg360,TNW_03,TNW,322,0.5969193838767755,0.40088017603520704,0.0022004400880176033
883779813_Pg360_18.fsa,Pg360,TNW_03,TNW,323,0.5980000000000001,0.39799999999999996,0.004
883779813_Pg360_19.fsa,Pg360,TNW_03,TNW,324,0.6048,0.39239999999999997,0.0028000000000000004
883779813_Pg360_20.fsa,Pg360,TNW_03,TNW,325,0.5771154230846169,0.4186837367473495,0.004200840168033608
883779813_Pg360_21.fsa,Pg360,TNW_03,TNW,326,0.5997199439887978,0.397879575915183,0.002400480096019204
883779813_Pg360_22.fsa,Pg360,TNW_03,TNW,327,0.5957191438287657,0.39947989597919586,0.0048009601920384086
883779813_Pg360_23.fsa,Pg360,TNW_03,TNW,328,0.5936812637472506,0.40331933613277343,0.002999400119976005
883779813_Pg360_24.fsa,Pg360,TNW_03,TNW,329,0.577,0.4111999999999999,0.011800000000000001
883779813_Pg361_01.fsa,Pg361,TNW_02,TNW,330,0.5957191438287657,0.3566713342668534,0.04760952190438088
883779813_Pg361_02.fsa,Pg361,TNW_02,TNW,331,0.5429999999999999,0.3794,0.0776
883779813_Pg361_03.fsa,Pg361,TNW_02,TNW,332,0.5904819036192762,0.35592881423715256,0.05358928214357129
883779813_Pg361_04.fsa,Pg361,TNW_02,TNW,333,0.5685999999999999,0.3908,0.040600000000000004
883779813_Pg361_05.fsa,Pg361,TNW_02,TNW,334,0.597639055622249,0.3967587034813925,0.005602240896358543
883779813_Pg361_06.fsa,Pg361,TNW_02,TNW,335,0.5692861427714456,0.4241151769646071,0.0065986802639472104
883779813_Pg361_07.fsa,Pg361,TNW_02,TNW,336,0.6234753049390122,0.36092781443711264,0.015596880623875225
883779813_Pg361_08.fsa,Pg361,TNW_02,TNW,337,0.6084349390365781,0.38077153707775335,0.0107935238856686
883779813_Pg361_09.fsa,Pg361,TNW_02,TNW,338,0.5963192638527706,0.3892778555711143,0.014402880576115225
883779813_Pg362_01.fsa,Pg362,TNW_01,TNW,339,0.5905999999999999,0.4,0.009400000000000002
883779813_Pg362_02.fsa,Pg362,TNW_01,TNW,340,0.6402561024409764,0.35674269707883155,0.003001200480192077
883779813_Pg362_03.fsa,Pg362,TNW_01,TNW,341,0.5926814637072586,0.3997200559888022,0.007598480303939213
883779813_Pg362_04.fsa,Pg362,TNW_01,TNW,342,0.5976804639072186,0.4003199360127974,0.001999600079984003
883779813_Pg362_05.fsa,Pg362,TNW_01,TNW,343,0.6049209841968394,0.3920784156831366,0.0030006001200240046
883779813_Pg362_06.fsa,Pg362,TNW_01,TNW,344,0.5986408155106936,0.39916050369778133,0.002198680791525085
883779813_Pg362_07.fsa,Pg362,TNW_01,TNW,345,0.5988,0.4,0.0012000000000000001
883779813_Pg362_08.fsa,Pg362,TNW_01,TNW,346,0.6771291483406637,0.3204718112754898,0.002399040383846462
883779813_Pg362_09.fsa,Pg362,TNW_01,TNW,347,0.599639855942377,0.39795918367346933,0.0024009603841536617
883779813_Pg362_10.fsa,Pg362,TNW_01,TNW,348,0.5993198639727946,0.3988797759551911,0.001800360072014403
883779813_Pg362_11.fsa,Pg362,TNW_01,TNW,349,0.5997999999999999,0.3978,0.0024000000000000002
883779813_Pg362_12.fsa,Pg362,TNW_01,TNW,350,0.5973999999999999,0.4008,0.0018000000000000002
883779813_Pg362_13.fsa,Pg362,TNW_01,TNW,351,0.5987197439487898,0.39927985597119425,0.002000400080016003
883779813_Pg362_14.fsa,Pg362,TNW_01,TNW,352,0.5932000000000001,0.39859999999999995,0.0082
