sample_id,population,population_label,state,sample_order,cluster_1,cluster_2,cluster_3,cluster_4,cluster_5,cluster_6,cluster_7,cluster_8,cluster_9,cluster_10,cluster_11,cluster_12,cluster_13
883779813_Pg346_01.fsa,Pg346,IN_01,IN,1,0.0020012007204322593,0.0020012007204322593,0.0010006003602161296,0.0030018010806483887,0.0020012007204322593,0.0030018010806483887,0.9753852311386833,0.0038022813688212923,0.0024014408645187113,0.0010006003602161296,0.0012007204322593557,0.0012007204322593557,0.0020012007204322593
883779813_Pg346_02.fsa,Pg346,IN_01,IN,2,0.0027988804478208716,0.004998000799680128,0.001999200319872051,0.0029988004798080768,0.0059976009596161535,0.0059976009596161535,0.9488204718112755,0.00899640143942423,0.010595761695321873,9.996001599360256e-4,0.001199520191923231,0.001999200319872051,0.002598960415833667
883779813_Pg346_03.fsa,Pg346,IN_01,IN,3,0.0012021638950110197,0.0010018032458425164,0.0010018032458425164,0.0018032458425165298,0.0010018032458425164,0.0010018032458425164,0.9855740332598678,0.0010018032458425164,0.0020036064916850328,0.0010018032458425164,0.0012021638950110197,0.0012021638950110197,0.0010018032458425164
883779813_Pg346_04.fsa,Pg346,IN_01,IN,4,0.0020012007204322593,0.0010006003602161296,0.0010006003602161296,0.0020012007204322593,0.0010006003602161296,0.0010006003602161296,0.9843906343806285,0.0012007204322593557,0.0020012007204322593,0.0010006003602161296,0.0012007204322593557,0.0012007204322593557,0.0010006003602161296
883779813_Pg346_05.fsa,Pg346,IN_01,IN,5,0.0014030867909400682,0.0010022048506714773,0.0010022048506714773,0.0020044097013429546,0.0020044097013429546,0.0010022048506714773,0.9811585488073762,0.0010022048506714773,0.0020044097013429546,0.0010022048506714773,0.0014030867909400682,0.0020044097013429546,0.003006614552014432
883779813_Pg346_06.fsa,Pg346,IN_01,IN,6,0.002,0.001,0.001,0.002,0.002,0.001,0.9667999999999999,0.002,0.001,0.012,0.006,0.0012000000000000001,0.002
883779813_Pg346_07.fsa,Pg346,IN_01,IN,7,0.002999400119976004,9.998000399920014e-4,9.998000399920014e-4,0.002999400119976004,0.0039992001599680055,9.998000399920014e-4,0.9746050789842031,0.002999400119976004,0.002999400119976004,9.998000399920014e-4,0.001399720055988802,0.0011997600479904018,0.002799440111977604
883779813_Pg346_08.fsa,Pg346,IN_01,IN,8,0.003,0.001,0.001,0.002,0.002,0.001,0.9812000000000001,0.002,0.001,0.001,0.0014,0.0014,0.002
883779813_Pg346_09.fsa,Pg346,IN_01,IN,9,0.0020020020020020024,0.0010010010010010012,0.0010010010010010012,0.0024024024024024027,0.0020020020020020024,0.0010010010010010012,0.9795795795795796,0.0020020020020020024,0.0020020020020020024,0.0010010010010010012,0.0012012012012012014,0.0020020020020020024,0.0028028028028028035
883779813_Pg346_10.fsa,Pg346,IN_01,IN,10,0.0014016820184221067,0.0010012014417300763,0.0010012014417300763,0.0020024028834601526,0.0010012014417300763,0.0010012014417300763,0.9833800560672807,0.0020024028834601526,0.0020024028834601526,0.0010012014417300763,0.0014016820184221067,0.0014016820184221067,0.0014016820184221067
883779813_Pg346_11.fsa,Pg346,IN_01,IN,11,0.004399120175964806,9.998000399920016e-4,0.002799440111977604,0.003999200159968006,0.002799440111977604,0.001999600079984003,0.9588082383523295,0.00599880023995201,0.0065986802639472104,9.998000399920016e-4,0.0025994801039792045,0.0025994801039792045,0.005398920215956809
883779813_Pg346_12.fsa,Pg346,IN_01,IN,12,0.001001001001001001,0.001001001001001001,0.001001001001001001,0.002002002002002002,0.002002002002002002,0.002002002002002002,0.9819819819819819,0.002002002002002002,0.002002002002002002,0.001001001001001001,0.001001001001001001,0.001001001001001001,0.002002002002002002
883779813_Pg346_13.fsa,Pg346,IN_01,IN,13,0.0018014411529223382,0.00100080064051241,0.00100080064051241,0.00200160128102482,0.00200160128102482,0.00100080064051241,0.983787029623699,0.001200960768614892,0.00100080064051241,0.00100080064051241,0.001200960768614892,0.00100080064051241,0.00200160128102482
883779813_Pg346_14.fsa,Pg346,IN_01,IN,14,0.005603362017210327,0.003001801080648389,0.0022013207924754855,0.0040024014408645186,0.015409245547328398,0.003001801080648389,0.929957974784871,0.008605163097858715,0.013007804682809687,0.0014008405043025817,0.0016009605763458077,0.0032019211526916154,0.009005403241945169
883779813_Pg346_15.fsa,Pg346,IN_01,IN,15,0.0022008803521408565,0.0010004001600640259,0.0010004001600640259,0.011204481792717087,0.0030012004801920774,0.0010004001600640259,0.9675870348139256,0.002400960384153662,0.0030012004801920774,0.0010004001600640259,0.001400560224089636,0.0016006402561024413,0.0036014405762304926
883779813_Pg346_16.fsa,Pg346,IN_01,IN,16,0.001803607214428858,0.001002004008016032,0.001002004008016032,0.001002004008016032,0.0012024048096192386,0.001002004008016032,0.9869739478957916,0.001002004008016032,0.001002004008016032,0.001002004008016032,0.001002004008016032,0.001002004008016032,0.001002004008016032
883779813_Pg346_17.fsa,Pg346,IN_01,IN,17,0.0021991203518592563,0.0059976009596161535,9.996001599360256e-4,0.001999200319872051,0.001999200319872051,0.001999200319872051,0.9738104758096762,0.001199520191923231,0.001999200319872051,9.996001599360256e-4,0.0013994402239104358,0.0013994402239104358,0.003998400639744102
883779813_Pg346_18.fsa,Pg346,IN_01,IN,18,0.0012019230769230772,0.0010016025641025642,0.0010016025641025642,0.027443910256410263,0.0010016025641025642,0.0010016025641025642,0.9585336538461539,0.00280448717948718,0.0010016025641025642,0.0010016025641025642,0.0012019230769230772,0.0012019230769230772,0.001602564102564103
883779813_Pg346_19.fsa,Pg346,IN_01,IN,19,0.009205523313988391,0.002001200720432259,0.0022013207924754846,0.007204322593556133,0.006003602161296777,0.002001200720432259,0.9285571342805683,0.00780468280968581,0.024414648789273557,0.0010006003602161294,0.0018010806483890333,0.002201320792475485,0.005603362017210326
883779813_Pg346_20.fsa,Pg346,IN_01,IN,20,0.0012012012012012014,0.003003003003003003,0.001001001001001001,0.002002002002002002,0.002002002002002002,0.002002002002002002,0.9737737737737737,0.002002002002002002,0.006006006006006006,0.001001001001001001,0.0012012012012012014,0.0012012012012012014,0.0036036036036036037
883779813_Pg346_21.fsa,Pg346,IN_01,IN,21,0.0020020020020020024,0.0010010010010010012,0.0010010010010010012,0.006006006006006007,0.0010010010010010012,0.0010010010010010012,0.9755755755755756,0.0010010010010010012,0.002602602602602603,0.005405405405405406,0.0012012012012012014,0.0012012012012012014,0.0010010010010010012
883779813_Pg346_22.fsa,Pg346,IN_01,IN,22,0.001999600079984003,9.998000399920016e-4,9.998000399920016e-4,0.001999600079984003,0.001999600079984003,9.998000399920016e-4,0.9790041991601679,0.0027994401119776045,0.003999200159968006,9.998000399920016e-4,0.001199760047990402,0.001999600079984003,9.998000399920016e-4
883779813_Pg346_23.fsa,Pg346,IN_01,IN,23,0.001998401278976818,9.99200639488409e-4,9.99200639488409e-4,0.001998401278976818,0.001998401278976818,9.99200639488409e-4,0.9810151878497202,0.001998401278976818,0.001998401278976818,9.99200639488409e-4,0.001199040767386091,0.0017985611510791366,0.001998401278976818
883779813_Pg346_24.fsa,Pg346,IN_01,IN,24,0.001201923076923077,0.0010016025641025642,0.0010016025641025642,0.0014022435897435897,0.0010016025641025642,0.0010016025641025642,0.9849759615384616,0.0010016025641025642,0.0020032051282051285,0.0010016025641025642,0.001201923076923077,0.001201923076923077,0.0020032051282051285
883779813_Pg347_01.fsa,Pg347,KY_02,KY,25,0.012407444466680007,0.0010006003602161296,0.005203121873123873,0.0038022813688212923,0.0020012007204322593,0.0030018010806483887,0.004002401440864519,0.9293576145687412,0.017810686411847108,0.0012007204322593557,0.002801681008605163,0.0020012007204322597,0.015409245547328396
883779813_Pg347_02.fsa,Pg347,KY_02,KY,26,0.03362690152121697,0.0010008006405124096,0.0010008006405124096,0.005004003202562049,0.0010008006405124096,0.0010008006405124096,0.0036028823058446755,0.9399519615692553,0.004603682946357084,0.0012009607686148918,0.0018014411529223377,0.0018014411529223377,0.004403522818254603
883779813_Pg347_03.fsa,Pg347,KY_02,KY,27,0.0030006001200240046,0.002000400080016003,0.0022004400880176033,0.004200840168033607,0.003200640128025605,0.003200640128025605,0.0010002000400080016,0.9559911982396478,0.0034006801360272057,0.002400480096019204,0.010002000400080016,0.003800760152030406,0.005601120224044809
883779813_Pg347_11.fsa,Pg347,KY_02,KY,28,0.011202240448089618,0.005601120224044809,0.0058011602320464095,0.017203440688137627,0.004800960192038408,0.00620124024804961,0.015203040608121624,0.8751750350070013,0.008201640328065612,0.010802160432086417,0.00640128025605121,0.00640128025605121,0.027005401080216047
883779813_Pg347_12.fsa,Pg347,KY_02,KY,29,0.002601040416166467,0.0010004001600640256,0.0010004001600640256,0.0024009603841536617,0.0012004801920768309,0.0012004801920768309,0.012605042016806723,0.9461784713885555,0.008003201280512205,0.006802721088435375,0.012404961984793917,0.0020008003201280513,0.002601040416166467
883779813_Pg347_17.fsa,Pg347,KY_02,KY,30,0.004399999999999999,0.0012000000000000001,0.001,0.005200000000000001,0.0021999999999999997,0.001,0.0034000000000000002,0.9642,0.0021999999999999997,0.005200000000000001,0.004,0.0022,0.0038
883779813_Pg347_18.fsa,Pg347,KY_02,KY,31,0.007198560287942413,0.007398520295940811,0.002199560087982403,0.007198560287942412,0.002999400119976005,9.998000399920016e-4,0.004399120175964806,0.926014797040592,0.002399520095980804,0.0061987602479504095,0.012997400519896023,0.004199160167966408,0.015796840631873626
883779813_Pg347_21.fsa,Pg347,KY_02,KY,32,0.0020008003201280513,0.0012004801920768309,0.010204081632653062,0.0020008003201280513,0.0020008003201280513,0.007202881152460984,0.0010004001600640256,0.9487795118047219,0.004001600640256103,0.001800720288115246,0.011804721888755502,0.006002400960384154,0.0020008003201280513
883779813_Pg347_22.fsa,Pg347,KY_02,KY,33,0.004598160735705716,0.01619352259096361,0.0035985605757696913,0.06037584966013593,0.004598160735705716,0.0021991203518592554,0.0019992003198720507,0.8876449420231907,0.0021991203518592554,9.996001599360254e-4,0.0027988804478208716,0.0049980007996801275,0.007796881247500997
883779813_Pg347_23.fsa,Pg347,KY_02,KY,34,0.0055966420147911256,0.0019988007195682594,9.994003597841297e-4,0.05156905856486109,0.0019988007195682594,9.994003597841297e-4,0.0027983210073955628,0.9180491704977014,0.0019988007195682594,9.994003597841297e-4,0.003797721367179693,0.003797721367179693,0.0053967619428343
883779813_Pg348_01.fsa,Pg348,EX_01,EX-S,35,0.001999200319872051,0.001199520191923231,9.996001599360256e-4,0.001999200319872051,0.0017992802878848463,9.996001599360256e-4,0.0037984806077568972,0.973610555777689,0.001999200319872051,0.0017992802878848463,0.0029988004798080768,0.001199520191923231,0.005597760895641742
883779813_Pg348_02.fsa,Pg348,EX_01,EX-S,36,0.001002004008016032,0.001002004008016032,0.001002004008016032,0.001002004008016032,0.001002004008016032,0.001002004008016032,0.002004008016032064,0.002004008016032064,0.9849699398797596,0.001002004008016032,0.001002004008016032,0.001002004008016032,0.002004008016032064
883779813_Pg348_03.fsa,Pg348,EX_01,EX-S,37,0.0010008006405124099,0.0010008006405124099,0.0012009607686148918,0.0020016012810248197,0.0014011208967173738,0.0010008006405124099,0.0020016012810248197,0.0020016012810248197,0.9821857485988791,0.0010008006405124099,0.0014011208967173738,0.001801441152922338,0.0020016012810248197
883779813_Pg348_04.fsa,Pg348,EX_01,EX-S,38,0.0035942492012779556,0.001996805111821086,0.001996805111821086,0.003194888178913738,0.0021964856230031944,0.001996805111821086,0.003394568690095847,0.9670527156549521,0.003394568690095847,0.0021964856230031944,0.0023961661341853034,0.003394568690095847,0.003194888178913738
883779813_Pg348_05.fsa,Pg348,EX_01,EX-S,39,0.027000000000000003,0.0018000000000000002,0.002,0.007799999999999999,0.0024000000000000002,0.001,0.002,0.931,0.0036000000000000003,0.0028,0.005599999999999999,0.004,0.009
883779813_Pg348_06.fsa,Pg348,EX_01,EX-S,40,0.0028,0.001,0.001,0.002,0.0018000000000000002,0.001,0.001,0.9804,0.003,0.001,0.001,0.002,0.002
883779813_Pg348_07.fsa,Pg348,EX_01,EX-S,41,0.0012014417300760913,0.001001201441730076,0.001001201441730076,0.0036043251902282743,0.002202643171806167,0.001001201441730076,0.003804565478574289,0.9791750100120143,0.002202643171806167,0.001001201441730076,0.0012014417300760913,0.001001201441730076,0.0016019223067681217
883779813_Pg348_08.fsa,Pg348,EX_01,EX-S,42,0.001998800719568259,9.994003597841295e-4,0.0021986807915250844,0.001998800719568259,9.994003597841295e-4,9.994003597841295e-4,0.0011992804317409553,0.9798121127323605,0.003198081151309214,9.994003597841295e-4,0.0011992804317409553,0.0021986807915250844,0.0021986807915250844
883779813_Pg348_09.fsa,Pg348,EX_01,EX-S,43,0.0048028817290374235,0.0020012007204322597,0.0010006003602161299,0.011006603962377428,0.009205523313988394,0.0012007204322593559,0.002601560936561938,0.9457674604762857,0.0036021612967780674,0.0012007204322593559,0.001801080648389034,0.003201921152691616,0.012607564538723236
883779813_Pg348_10.fsa,Pg348,EX_01,EX-S,44,0.001200960768614892,0.00100080064051241,0.00100080064051241,0.001401120896717374,0.00100080064051241,0.00100080064051241,0.00100080064051241,0.9863891112890313,0.001601281024819856,0.00100080064051241,0.00100080064051241,0.00100080064051241,0.001401120896717374
883779813_Pg348_11.fsa,Pg348,EX_01,EX-S,45,0.005404323458767013,0.0010008006405124099,0.0010008006405124099,0.041232986389111284,0.0010008006405124099,0.0010008006405124099,0.0032025620496397116,0.9323458767013612,0.0024019215372297837,0.0010008006405124099,0.0012009607686148918,0.0014011208967173738,0.007806244995996797
883779813_Pg348_12.fsa,Pg348,EX_01,EX-S,46,0.001998401278976818,9.99200639488409e-4,0.001199040767386091,0.001998401278976818,9.99200639488409e-4,9.99200639488409e-4,9.99200639488409e-4,0.9818145483613109,0.0021982414068745,9.99200639488409e-4,0.001199040767386091,0.0021982414068745,0.002398081534772182
883779813_Pg348_13.fsa,Pg348,EX_01,EX-S,47,0.002000800320128051,0.0010004001600640254,0.0014005602240896356,0.002000800320128051,0.0010004001600640254,0.0010004001600640254,0.0010004001600640254,0.9809923969587835,0.0024009603841536613,0.0010004001600640254,0.0016006402561024409,0.0022008803521408556,0.0024009603841536613
883779813_Pg348_14.fsa,Pg348,EX_01,EX-S,48,0.0030042058882435415,0.0010014019627478472,0.0010014019627478472,0.005407570598838375,0.004205888243540959,0.0010014019627478472,0.0022030843180452634,0.9723613058281595,0.0032044862807931113,0.0010014019627478472,0.0012016823552974166,0.0012016823552974166,0.0032044862807931113
883779813_Pg348_15.fsa,Pg348,EX_01,EX-S,49,0.0028,0.001,0.001,0.002,0.002,0.0012000000000000001,0.0021999999999999997,0.9772000000000001,0.0034000000000000002,0.0014,0.0014,0.0022,0.0021999999999999997
883779813_Pg348_16.fsa,Pg348,EX_01,EX-S,50,0.0021999999999999997,0.002,0.001,0.0021999999999999997,0.003,0.0016,0.002,0.5654,0.4128,0.0014,0.0012000000000000001,0.002,0.0032
883779813_Pg348_17.fsa,Pg348,EX_01,EX-S,51,0.0014011208967173738,0.0010008006405124099,0.0010008006405124099,0.024619695756605282,0.0020016012810248197,0.0010008006405124099,0.004803843074459567,0.3314651721377102,0.6261008807045636,0.0010008006405124099,0.0012009607686148918,0.0012009607686148918,0.0032025620496397116
883779813_Pg348_18.fsa,Pg348,EX_01,EX-S,52,0.0010012014417300763,0.0010012014417300763,0.0020024028834601526,0.0010012014417300763,0.0010012014417300763,0.0010012014417300763,0.0012014417300760915,0.0020024028834601526,0.9839807769323188,0.0010012014417300763,0.0010012014417300763,0.0018021625951141374,0.0020024028834601526
883779813_Pg348_19.fsa,Pg348,EX_01,EX-S,53,0.0024024024024024027,0.0012012012012012014,0.002002002002002002,0.002202202202202202,0.002002002002002002,0.001001001001001001,0.002002002002002002,0.5113113113113114,0.4666666666666667,0.001001001001001001,0.0016016016016016017,0.002002002002002002,0.004604604604604604
883779813_Pg348_20.fsa,Pg348,EX_01,EX-S,54,0.0012012012012012014,0.001001001001001001,0.001001001001001001,0.002002002002002002,0.001001001001001001,0.001001001001001001,0.001001001001001001,0.0028028028028028026,0.9835835835835837,0.001001001001001001,0.0012012012012012014,0.0012012012012012014,0.002002002002002002
883779813_Pg348_21.fsa,Pg348,EX_01,EX-S,55,0.005,0.0021999999999999997,0.003,0.002,0.004200000000000001,0.002,0.003,0.6281999999999999,0.34199999999999997,0.001,0.0018000000000000002,0.0026000000000000003,0.003
883779813_Pg348_22.fsa,Pg348,EX_01,EX-S,56,0.0020020020020020024,0.0010010010010010012,0.0010010010010010012,0.0024024024024024027,0.0022022022022022024,0.0010010010010010012,0.0020020020020020024,0.9805805805805806,0.0022022022022022024,0.0010010010010010012,0.0012012012012012014,0.0012012012012012014,0.0022022022022022024
883779813_Pg348_23.fsa,Pg348,EX_01,EX-S,57,0.0027994401119776045,9.998000399920016e-4,9.998000399920016e-4,0.009598080383923216,0.004999000199960009,9.998000399920016e-4,0.002199560087982403,0.952009598080384,0.002199560087982403,0.009598080383923215,0.005798840231953609,0.0015996800639872027,0.0061987602479504095
883779813_Pg348_24.fsa,Pg348,EX_01,EX-S,58,0.002797761790567546,0.005795363709032775,0.004796163069544365,0.0021982414068745003,0.003996802557953637,0.007194244604316548,0.0019984012789768186,0.9512390087929656,0.0021982414068745003,0.005595523581135092,0.003996802557953637,0.004396482813749001,0.0037969624300559558
883779813_Pg349_01.fsa,Pg349,KY_01,KY,59,0.704836131095124,0.004396482813749001,0.0019984012789768186,0.05635491606714629,0.013589128697042369,0.003996802557953637,0.009792166266986412,0.16586730615507594,0.0019984012789768186,0.0209832134292566,0.011390887290167866,0.001598721023181455,0.00319744204636291
883779813_Pg349_02.fsa,Pg349,KY_01,KY,60,0.7658341658341659,0.0031968031968031972,9.990009990009992e-4,0.002797202797202797,0.0035964035964035973,0.002197802197802198,0.01298701298701299,0.18881118881118883,0.0019980019980019984,0.004395604395604396,0.003996003996003997,0.0015984015984015986,0.007592407592407593
883779813_Pg349_03.fsa,Pg349,KY_01,KY,61,0.7775999999999998,0.001,0.0012000000000000001,0.0032,0.0026000000000000003,0.001,0.0024000000000000002,0.194,0.0028,0.0022,0.0024000000000000002,0.003,0.0066
883779813_Pg349_04.fsa,Pg349,KY_01,KY,62,0.7842980172241137,0.001001401962747847,0.001001401962747847,0.002002803925495694,0.002002803925495694,0.001001401962747847,0.0036050470658922497,0.19427198077308233,0.0028039254956939716,0.0012016823552974166,0.0018025235329461248,0.0026036451031444027,0.0024033647105948333
883779813_Pg349_07.fsa,Pg349,KY_01,KY,63,0.7816506410256411,0.0010016025641025642,0.001201923076923077,0.0020032051282051285,0.0020032051282051285,0.0010016025641025642,0.012419871794871796,0.18990384615384615,0.0030048076923076925,0.001201923076923077,0.001201923076923077,0.0014022435897435897,0.0020032051282051285
883779813_Pg349_08.fsa,Pg349,KY_01,KY,64,0.7854712827696617,0.0012007204322593559,0.0010006003602161296,0.002201320792475485,0.0020012007204322593,0.0010006003602161296,0.002201320792475485,0.19691815089053433,0.0020012007204322593,0.0012007204322593559,0.0014008405043025817,0.0014008405043025817,0.0020012007204322593
883779813_Pg349_09.fsa,Pg349,KY_01,KY,65,0.7866853258696522,9.996001599360256e-4,9.996001599360256e-4,0.0021991203518592563,0.0021991203518592563,9.996001599360256e-4,0.0021991203518592563,0.19632147141143544,0.0013994402239104358,9.996001599360256e-4,0.001199520191923231,0.0017992802878848463,0.001999200319872051
883779813_Pg349_10.fsa,Pg349,KY_01,KY,66,0.7790022039671408,0.0010018032458425166,0.00120216389501102,0.002003606491685033,0.00360649168503306,0.0010018032458425166,0.00360649168503306,0.19194550190342616,0.007012622720897617,0.0010018032458425166,0.0022039671408535366,0.0020036064916850336,0.004407934281707072
883779813_Pg349_11.fsa,Pg349,KY_01,KY,67,0.7750449910017996,0.0011997600479904018,9.998000399920014e-4,0.002999400119976004,0.006398720255948809,9.998000399920014e-4,0.0019996000799840027,0.2007598480303939,0.002799440111977604,0.0011997600479904018,0.0019996000799840027,0.0015996800639872023,0.0019996000799840027
883779813_Pg349_12.fsa,Pg349,KY_01,KY,68,0.7671534306861372,0.0010002000400080016,0.0010002000400080016,0.0026005201040208044,0.0028005601120224045,0.0010002000400080016,0.020004000800160033,0.1930386077215443,0.004200840168033607,0.0010002000400080016,0.0016003200640128026,0.0016003200640128026,0.0030006001200240046
883779813_Pg349_13.fsa,Pg349,KY_01,KY,69,0.7735999999999998,0.0021999999999999997,0.0026000000000000003,0.002,0.0048000000000000004,0.001,0.004600000000000001,0.1936,0.005600000000000001,0.0012000000000000001,0.003,0.0032,0.0026000000000000003
883779813_Pg349_14.fsa,Pg349,KY_01,KY,70,0.7878000000000001,0.001,0.001,0.002,0.0012000000000000001,0.001,0.0018000000000000002,0.1968,0.002,0.001,0.0012000000000000001,0.0012000000000000001,0.002
883779813_Pg349_15.fsa,Pg349,KY_01,KY,71,0.789305027037853,0.0012016823552974164,0.001001401962747847,0.0012016823552974164,0.0012016823552974164,0.0072100941317844985,0.003805327458441818,0.17945123172441418,0.004806729421189666,0.001001401962747847,0.002002803925495694,0.0016022431403965552,0.006208692169036651
883779813_Pg349_16.fsa,Pg349,KY_01,KY,72,0.7421484296859372,0.003600720144028806,0.005201040208041609,0.007601520304060812,0.003200640128025605,0.003600720144028806,0.008801760352070413,0.1952390478095619,0.011802360472094417,0.0014002800560112022,0.0020004000800160036,0.012002400480096018,0.003400680136027205
883779813_Pg349_17.fsa,Pg349,KY_01,KY,73,0.7825565113022604,0.002000400080016003,0.002400480096019204,0.002000400080016003,0.002000400080016003,0.0010002000400080016,0.002400480096019204,0.19423884776955389,0.004800960192038408,0.0010002000400080016,0.0014002800560112022,0.0022004400880176037,0.002000400080016003
883779813_Pg349_18.fsa,Pg349,KY_01,KY,74,0.7859719438877756,0.0012024048096192386,0.0014028056112224449,0.0024048096192384773,0.0012024048096192386,0.001002004008016032,0.0012024048096192386,0.1969939879759519,0.002004008016032064,0.0012024048096192386,0.0012024048096192386,0.002004008016032064,0.0022044088176352704
883779813_Pg349_19.fsa,Pg349,KY_01,KY,75,0.7471471471471473,0.001001001001001001,0.002202202202202202,0.00940940940940941,0.007207207207207208,0.001001001001001001,0.003003003003003003,0.21501501501501497,0.0028028028028028026,0.0014014014014014013,0.0036036036036036037,0.0020020020020020024,0.004204204204204205
883779813_Pg349_20.fsa,Pg349,KY_01,KY,76,0.7799119647859144,0.0010004001600640256,0.0010004001600640256,0.0020008003201280513,0.0018007202881152463,0.0010004001600640256,0.0020008003201280513,0.19967987194877954,0.0036014405762304926,0.0010004001600640256,0.0014005602240896359,0.0020008003201280517,0.003601440576230492
883779813_Pg349_21.fsa,Pg349,KY_01,KY,77,0.7856285028022418,0.00100080064051241,0.00100080064051241,0.00200160128102482,0.00200160128102482,0.00100080064051241,0.0024019215372297845,0.1967574059247398,0.00200160128102482,0.00100080064051241,0.0018014411529223382,0.0012009607686148923,0.002201761409127302
883779813_Pg349_22.fsa,Pg349,KY_01,KY,78,0.7724814740636892,0.004205888243540958,0.0012016823552974164,0.002203084318045263,0.002403364710594833,0.001001401962747847,0.003805327458441818,0.18946525135189266,0.002002803925495694,0.012417384338073302,0.0014019627478469858,0.0022030843180452634,0.0052072902062888045
883779813_Pg349_23.fsa,Pg349,KY_01,KY,79,0.7656,0.002,0.001,0.0066,0.0034000000000000002,0.002,0.0134,0.18660000000000002,0.010599999999999998,0.0012000000000000001,0.0018000000000000002,0.002,0.0038
883779813_Pg349_24.fsa,Pg349,KY_01,KY,80,0.7779555911182237,0.003600720144028806,0.002600520104020805,0.00600120024004801,0.003600720144028806,0.0010002000400080016,0.002600520104020805,0.18683736747349475,0.007201440288057612,0.0016003200640128028,0.002000400080016003,0.0028005601120224045,0.0022004400880176033
883779813_Pg350_01.fsa,Pg350,KY_03,KY,81,0.011006603962377428,0.0010006003602161299,0.0010006003602161299,0.9677806684010406,0.003802281368821293,0.0010006003602161299,0.0030018010806483896,0.0034020412247348416,0.0020012007204322597,0.0010006003602161299,0.0012007204322593559,0.0012007204322593559,0.002601560936561938
883779813_Pg350_02.fsa,Pg350,KY_03,KY,82,0.1474589835934374,0.00820328131252501,0.015406162464985995,0.13565426170468187,0.00900360144057623,0.006002400960384154,0.012204881952781112,0.17747098839535816,0.018807523009203686,0.012204881952781112,0.26150460184073626,0.02100840336134454,0.17507002801120447
883779813_Pg350_03.fsa,Pg350,KY_03,KY,83,0.0029982010793523886,0.0019988007195682594,9.994003597841297e-4,0.9778133120127923,0.0019988007195682594,9.994003597841297e-4,9.994003597841297e-4,0.0029982010793523886,0.0019988007195682594,9.994003597841297e-4,0.0011992804317409555,0.0019988007195682594,0.0029982010793523886
883779813_Pg350_04.fsa,Pg350,KY_03,KY,84,0.004597241655006995,0.001998800719568259,0.006995802518488907,0.9018588846691984,0.016989806116330202,9.994003597841295e-4,0.03597841295222866,0.012192684389366376,0.004997001798920647,0.001798920647611433,0.0013991605036977812,0.004597241655006996,0.0055966420147911256
883779813_Pg350_05.fsa,Pg350,KY_03,KY,85,0.2918334667734187,0.00100080064051241,0.00100080064051241,0.605084067253803,0.003602882305844676,0.00100080064051241,0.001200960768614892,0.0856685348278623,0.00200160128102482,0.00100080064051241,0.001601281024819856,0.001200960768614892,0.0038030424339471577
883779813_Pg350_06.fsa,Pg350,KY_03,KY,86,0.002199560087982403,0.003599280143971206,0.004399120175964807,0.9368126374725055,0.003999200159968006,0.003999200159968006,0.0045990801839632086,0.01199760047990402,0.004999000199960009,0.002399520095980804,0.004199160167966408,0.0061987602479504095,0.010597880423915216
883779813_Pg350_07.fsa,Pg350,KY_03,KY,87,0.00700280112044818,0.0010004001600640256,0.0010004001600640256,0.947579031612645,0.0020008003201280513,0.0020008003201280513,0.003201280512204882,0.004601840736294518,0.005002000800320128,0.0010004001600640256,0.0012004801920768309,0.0020008003201280513,0.022408963585434177
883779813_Pg350_08.fsa,Pg350,KY_03,KY,88,0.004803843074459567,0.0040032025620496394,0.0012009607686148918,0.9295436349079264,0.0020016012810248197,0.013610888710968775,0.008006405124099279,0.0022017614091273015,0.0020016012810248197,0.005804643714971977,0.0040032025620496394,0.0032025620496397116,0.019615692554043232
883779813_Pg350_09.fsa,Pg350,KY_03,KY,89,0.001999200319872051,9.996001599360256e-4,9.996001599360256e-4,0.9792083166733306,0.0029988004798080768,0.001999200319872051,0.001999200319872051,0.001999200319872051,0.001999200319872051,0.0013994402239104358,0.001199520191923231,0.001199520191923231,0.001999200319872051
883779813_Pg350_10.fsa,Pg350,KY_03,KY,90,0.009403761504601841,0.0020008003201280513,0.0010004001600640256,0.7843137254901961,0.0020008003201280513,0.0020008003201280513,0.0020008003201280513,0.1802721088435374,0.0020008003201280513,0.0020008003201280513,0.003001200480192077,0.003001200480192077,0.0070028011204481795
883779813_Pg350_11.fsa,Pg350,KY_03,KY,91,0.006204963971176942,0.00200160128102482,0.00100080064051241,0.9681745396317053,0.00200160128102482,0.00100080064051241,0.00300240192153723,0.005804643714971977,0.00300240192153723,0.00200160128102482,0.001401120896717374,0.001401120896717374,0.00300240192153723
883779813_Pg350_12.fsa,Pg350,KY_03,KY,92,0.0026010404161664665,0.002000800320128051,0.0010004001600640254,0.9367747098839535,0.0026010404161664665,0.002000800320128051,0.012404961984793916,0.0030012004801920765,0.0064025610244097635,0.0016006402561024409,0.0024009603841536613,0.0016006402561024409,0.025610244097639054
883779813_Pg350_13.fsa,Pg350,KY_03,KY,93,0.0022013207924754846,0.0010006003602161296,0.0012007204322593557,0.9537722633580148,0.005603362017210327,0.0010006003602161296,0.004602761656994197,0.014608765259155495,0.0070042025215129085,0.0014008405043025814,0.0014008405043025814,0.002201320792475485,0.0040024014408645186
883779813_Pg350_14.fsa,Pg350,KY_03,KY,94,0.0028,0.006,0.0022,0.9570000000000001,0.002,0.002,0.003,0.0021999999999999997,0.0072,0.0036000000000000003,0.0032,0.0036000000000000003,0.005200000000000001
883779813_Pg350_15.fsa,Pg350,KY_03,KY,95,0.0032012805122048826,0.001200480192076831,0.001200480192076831,0.8393357342937174,0.007002801120448181,0.0018007202881152465,0.0030012004801920774,0.08803521408563426,0.02921168467386955,0.004201680672268908,0.0022008803521408574,0.006402561024409765,0.01320528211284514
883779813_Pg350_16.fsa,Pg350,KY_03,KY,96,0.11013391964821106,9.994003597841295e-4,9.994003597841295e-4,0.8346991804917049,0.004197481511093344,9.994003597841295e-4,0.001998800719568259,0.0277833300019988,0.008195082950229861,0.001998800719568259,0.001798920647611433,0.0013991605036977812,0.004797121726963821
883779813_Pg350_17.fsa,Pg350,KY_03,KY,97,0.0046,0.001,0.001,0.9611999999999998,0.002,0.001,0.017,0.004399999999999999,0.002,0.001,0.0014,0.0014,0.002
883779813_Pg350_18.fsa,Pg350,KY_03,KY,98,0.021995600879824034,0.011797640471905619,0.0031993601279744054,0.09658068386322735,0.02179564087182563,0.003999200159968006,0.10497900419916018,0.049790041991601676,0.6044791041791641,0.003399320135972805,0.022395520895820836,0.022595480903819236,0.032993401319736056
883779813_Pg350_19.fsa,Pg350,KY_03,KY,99,0.0028022417934347476,0.0010008006405124099,0.0010008006405124099,0.8348678943154524,0.03682946357085668,0.0010008006405124099,0.0020016012810248197,0.08106485188150518,0.004203362690152122,0.0010008006405124099,0.0012009607686148918,0.0012009607686148918,0.03182546036829464
883779813_Pg350_20.fsa,Pg350,KY_03,KY,100,0.001999200319872051,9.996001599360256e-4,9.996001599360256e-4,0.9776089564174331,0.0013994402239104358,9.996001599360256e-4,0.004198320671731308,0.001999200319872051,0.001999200319872051,0.0017992802878848463,0.001999200319872051,0.001999200319872051,0.001999200319872051
883779813_Pg350_21.fsa,Pg350,KY_03,KY,101,0.0030036043251902285,0.0010012014417300763,0.0010012014417300763,0.959751702042451,0.004004805766920305,0.0010012014417300763,0.0010012014417300763,0.002202643171806167,0.00800961153384061,0.0020024028834601526,0.0014016820184221067,0.0014016820184221067,0.014217060472567081
883779813_Pg350_22.fsa,Pg350,KY_03,KY,102,0.003,0.001,0.001,0.9,0.002,0.001,0.003,0.014799999999999999,0.006,0.002,0.0022,0.0016,0.0624
883779813_Pg351_01.fsa,Pg351,KY_04,KY,103,0.01020408163265306,0.0010004001600640256,0.0010004001600640256,0.007402961184473788,0.006802721088435375,0.0010004001600640256,0.007603041216486594,0.0314125650260104,0.006002400960384154,0.0012004801920768309,0.0034013605442176874,0.001800720288115246,0.9211684673869548
883779813_Pg351_02.fsa,Pg351,KY_04,KY,104,0.005404323458767014,0.005404323458767014,0.01321056845476381,0.006204963971176942,0.006805444355484388,0.003202562049639712,0.002201761409127302,0.003202562049639712,0.007606084867894315,0.0038030424339471577,0.006405124099279424,0.04343474779823859,0.8931144915932746
883779813_Pg351_03.fsa,Pg351,KY_04,KY,105,0.003,0.0044,0.0112,0.0034000000000000002,0.011600000000000001,0.0024000000000000002,0.002,0.019399999999999997,0.0034000000000000002,0.002,0.0022,0.004200000000000001,0.9308
883779813_Pg351_04.fsa,Pg351,KY_04,KY,106,0.003001801080648389,0.0014008405043025817,0.0010006003602161296,0.005803482089253553,0.010406243746247748,0.0010006003602161296,0.0010006003602161296,0.010006003602161296,0.0020012007204322593,0.0010006003602161296,0.0014008405043025817,0.0014008405043025817,0.9605763458074845
883779813_Pg351_05.fsa,Pg351,KY_04,KY,107,0.046572056765940444,0.0029982010793523886,0.0035978412952228666,0.013991605036977816,0.0029982010793523886,0.0029982010793523886,0.0061962822306616035,0.003597841295222867,0.021986807915250855,0.0025984409354387374,0.04077553467919249,0.04697181690985409,0.8047171696981811
883779813_Pg351_06.fsa,Pg351,KY_04,KY,108,0.004198320671731307,0.0029988004798080768,0.0033986405437824874,0.007197121151539384,0.001999200319872051,0.002399040383846462,0.012195121951219513,0.0021991203518592563,0.0025989604158336665,0.001999200319872051,0.0037984806077568977,0.005397840863654539,0.9496201519392243
883779813_Pg351_07.fsa,Pg351,KY_04,KY,109,0.007803121248499399,0.0010004001600640256,0.001600640256102441,0.0020008003201280513,0.003001200480192077,0.0010004001600640256,0.0020008003201280513,0.0702280912364946,0.012004801920768308,0.0020008003201280513,0.0038015206082432974,0.004601840736294518,0.8889555822328932
883779813_Pg351_08.fsa,Pg351,KY_04,KY,110,0.004203362690152122,0.00100080064051241,0.00100080064051241,0.00200160128102482,0.001401120896717374,0.001200960768614892,0.00200160128102482,0.002802241793434748,0.004603682946357087,0.00100080064051241,0.003402722177742194,0.003803042433947158,0.9715772618094476
883779813_Pg351_09.fsa,Pg351,KY_04,KY,111,0.003603603603603604,0.0016016016016016017,0.001001001001001001,0.004404404404404405,0.004004004004004004,0.002002002002002002,0.001001001001001001,0.012412412412412413,0.03323323323323323,0.001001001001001001,0.002802802802802803,0.002602602602602603,0.9303303303303303
883779813_Pg351_10.fsa,Pg351,KY_04,KY,112,0.0032032032032032033,0.002002002002002002,0.001001001001001001,0.006206206206206206,0.001001001001001001,0.001001001001001001,0.002002002002002002,0.002202202202202202,0.002002002002002002,0.001001001001001001,0.0016016016016016017,0.0016016016016016017,0.9751751751751752
883779813_Pg351_11.fsa,Pg351,KY_04,KY,113,0.021595680863827234,0.002599480103979204,9.998000399920016e-4,0.003399320135972806,0.010797840431913617,0.003999200159968006,0.002199560087982403,0.06238752249550091,0.013397320535892822,0.0021995600879824036,0.015796840631873626,0.015196960607878427,0.8454309138172365
883779813_Pg351_12.fsa,Pg351,KY_04,KY,114,0.004404404404404405,0.003003003003003003,0.002002002002002002,0.03483483483483484,0.0034034034034034037,0.001001001001001001,0.013413413413413414,0.06886886886886887,0.022622622622622622,0.001001001001001001,0.0016016016016016017,0.0028028028028028026,0.8410410410410409
883779813_Pg351_13.fsa,Pg351,KY_04,KY,115,0.002797202797202797,0.0029970029970029974,0.0019980019980019984,0.0061938061938061955,0.054145854145854155,0.0029970029970029974,0.007992007992007994,0.0019980019980019984,0.0029970029970029974,0.002797202797202797,0.0021978021978021982,0.0021978021978021982,0.9086913086913088
883779813_Pg351_14.fsa,Pg351,KY_04,KY,116,0.014205682272909163,0.005002000800320128,0.0020008003201280513,0.003001200480192077,0.05142056822729092,0.004001600640256103,0.005802320928371348,0.002601040416166467,0.003601440576230492,0.0028011204481792713,0.013205282112845138,0.013805522208883555,0.8785514205682273
883779813_Pg351_15.fsa,Pg351,KY_04,KY,117,0.005396761942834299,0.002998201079352388,0.007395562662402557,0.002998201079352388,0.0023985608634819106,0.001998800719568259,0.019788127123725758,0.004797121726963821,0.004597241655006996,0.001599040575654607,0.00339796122326604,0.004197481511093344,0.9384369378372975
883779813_Pg351_16.fsa,Pg351,KY_04,KY,118,0.0034006801360272057,0.002400480096019204,0.002000400080016003,0.0030006001200240046,0.016603320664132826,0.0010002000400080016,0.002000400080016003,0.010002000400080015,0.004800960192038408,0.0016003200640128026,0.004600920184036807,0.0028005601120224045,0.9457891578315663
883779813_Pg351_17.fsa,Pg351,KY_04,KY,119,0.007205764611689353,0.00100080064051241,0.00200160128102482,0.002401921537229784,0.006805444355484388,0.00100080064051241,0.00300240192153723,0.00600480384307446,0.006204963971176943,0.00100080064051241,0.001601281024819856,0.002401921537229784,0.9593674939951962
883779813_Pg351_18.fsa,Pg351,KY_04,KY,120,0.012209767814251402,0.00200160128102482,0.00100080064051241,0.0034027221777421946,0.006605284227381906,0.00100080064051241,0.00200160128102482,0.0034027221777421946,0.018614891913530825,0.0018014411529223382,0.0016012810248198562,0.0024019215372297845,0.943955164131305
883779813_Pg351_19.fsa,Pg351,KY_04,KY,121,0.004000800160032006,0.0010002000400080016,0.0010002000400080016,0.0036007201440288058,0.00560112022404481,0.0010002000400080016,0.006601320264052811,0.0022004400880176033,0.0026005201040208044,0.001200240048009602,0.0034006801360272057,0.002200440088017604,0.9655931186237248
883779813_Pg351_20.fsa,Pg351,KY_04,KY,122,0.03083700440528634,0.001001201441730076,0.001001201441730076,0.006207448938726471,0.00460552663195835,0.001001201441730076,0.0036043251902282735,0.004805766920304365,0.002002402883460152,0.001001201441730076,0.023027633159791748,0.023428113736483777,0.8974769723668402
883779813_Pg351_21.fsa,Pg351,KY_04,KY,123,0.012994802079168335,0.001999200319872051,9.996001599360256e-4,0.0029988004798080768,0.003998400639744102,0.001999200319872051,0.0033986405437824874,0.004798080767692924,0.001999200319872051,9.996001599360256e-4,0.004198320671731308,0.004198320671731308,0.9554178328668533
883779813_Pg351_22.fsa,Pg351,KY_04,KY,124,0.0032,0.002,0.001,0.0076,0.0152,0.003,0.001,0.010199999999999999,0.003,0.002,0.0034000000000000002,0.004,0.9443999999999999
883779813_Pg351_23.fsa,Pg351,KY_04,KY,125,0.001999200319872051,0.0031987205117952823,0.002399040383846462,0.0037984806077568972,0.0033986405437824874,0.0013994402239104358,0.005797680927628949,0.002399040383846462,0.0059976009596161535,0.0013994402239104358,0.001999200319872051,0.0025989604158336665,0.9636145541783285
883779813_Pg351_24.fsa,Pg351,KY_04,KY,126,0.013802760552110424,0.002000400080016003,0.002000400080016003,0.002800560112022404,0.003400680136027206,0.0024004800960192043,0.003000600120024005,0.0044008801760352075,0.002000400080016003,0.0012002400480096021,0.013202640528105622,0.01260252050410082,0.9371874374874976
883779813_Pg352_01.fsa,Pg352,KY_05,KY,127,0.003201280512204882,0.0010004001600640256,0.0010004001600640256,0.0020008003201280513,0.0020008003201280513,0.003001200480192077,0.005002000800320128,0.003601440576230492,0.9695878351340537,0.005002000800320128,0.0012004801920768309,0.0014005602240896359,0.0020008003201280513
883779813_Pg352_02.fsa,Pg352,KY_05,KY,128,0.0020032051282051285,0.0010016025641025642,0.0010016025641025642,0.0020032051282051285,0.0030048076923076925,0.0010016025641025642,0.0032051282051282055,0.004607371794871795,0.9685496794871795,0.002403846153846154,0.002804487179487179,0.0020032051282051285,0.006410256410256411
883779813_Pg352_03.fsa,Pg352,KY_05,KY,129,0.007598480303939213,0.001999600079984003,0.001999600079984003,0.0015996800639872027,0.001999600079984003,0.001999600079984003,0.010397920415916818,0.0013997200559888023,0.9636072785442912,9.998000399920016e-4,0.0013997200559888023,0.002999400119976005,0.001999600079984003
883779813_Pg352_04.fsa,Pg352,KY_05,KY,130,0.0020012007204322597,0.0010006003602161299,0.004002401440864519,0.0020012007204322597,0.008805283169901944,0.0010006003602161299,0.0030018010806483896,0.0048028817290374235,0.9613768260956574,0.001600960576345808,0.0020012007204322597,0.002801681008605163,0.0056033620172103275
883779813_Pg352_05.fsa,Pg352,KY_05,KY,131,0.1605357856857257,9.996001599360256e-4,9.996001599360256e-4,0.001999200319872051,0.0037984806077568972,0.001999200319872051,0.02039184326269492,0.08516593362654938,0.6943222710915634,0.001999200319872051,0.006797281087564975,0.005397840863654539,0.015593762495001998
883779813_Pg352_06.fsa,Pg352,KY_05,KY,132,0.0033986405437824874,9.996001599360256e-4,0.001999200319872051,0.001999200319872051,0.003998400639744102,0.0017992802878848463,0.03718512594962015,0.0021991203518592563,0.9352259096361456,0.001999200319872051,0.001999200319872051,0.002399040383846462,0.004798080767692924
