sample_id,population,population_label,state,sample_order,cluster_1,cluster_2,cluster_3,cluster_4
883779813_Pg346_01.fsa,Pg346,IN_01,IN,1,0.2030781531081351,0.005996402158704777,0.0019988007195682594,0.7889266440135919
883779813_Pg346_02.fsa,Pg346,IN_01,IN,2,0.2048409681936387,0.03520704140828165,0.0014002800560112022,0.7585517103420685
883779813_Pg346_03.fsa,Pg346,IN_01,IN,3,0.20235952809438112,0.0021995600879824036,0.0017996400719856032,0.7936412717456508
883779813_Pg346_04.fsa,Pg346,IN_01,IN,4,0.2009598080383923,0.001999600079984003,0.001999600079984003,0.7950409918016397
883779813_Pg346_05.fsa,Pg346,IN_01,IN,5,0.2013597280543891,0.001999600079984003,0.001199760047990402,0.7954409118176365
883779813_Pg346_06.fsa,Pg346,IN_01,IN,6,0.20035992801439712,0.0015996800639872027,0.03659268146370726,0.7614477104579084
883779813_Pg346_07.fsa,Pg346,IN_01,IN,7,0.2022786328203078,0.0019988007195682594,0.0011992804317409555,0.7945232860283831
883779813_Pg346_08.fsa,Pg346,IN_01,IN,8,0.19767907162865148,0.0010004001600640256,0.0014005602240896359,0.7999199679871949
883779813_Pg346_09.fsa,Pg346,IN_01,IN,9,0.2001599680063987,0.001999600079984003,0.0017996400719856032,0.7960407918416317
883779813_Pg346_10.fsa,Pg346,IN_01,IN,10,0.20179999999999998,0.002,0.002,0.7942
883779813_Pg346_11.fsa,Pg346,IN_01,IN,11,0.20199999999999996,0.002,0.0012000000000000001,0.7948000000000001
883779813_Pg346_12.fsa,Pg346,IN_01,IN,12,0.20255948810237948,0.003999200159968006,0.0015996800639872027,0.7918416316736653
883779813_Pg346_13.fsa,Pg346,IN_01,IN,13,0.20115976804639069,0.002999400119976005,0.002399520095980804,0.7934413117376524
883779813_Pg346_14.fsa,Pg346,IN_01,IN,14,0.20184036807361472,0.0028005601120224045,0.002000400080016003,0.7933586717343468
883779813_Pg346_15.fsa,Pg346,IN_01,IN,15,0.20139999999999994,0.0018000000000000002,0.0012000000000000001,0.7956
883779813_Pg346_16.fsa,Pg346,IN_01,IN,16,0.2007197121151539,0.001999200319872051,0.001999200319872051,0.795281887245102
883779813_Pg346_17.fsa,Pg346,IN_01,IN,17,0.1988397679535907,0.004400880176035207,0.0010002000400080016,0.795759151830366
883779813_Pg346_18.fsa,Pg346,IN_01,IN,18,0.19803960792158432,0.0022004400880176037,0.001200240048009602,0.7985597119423885
883779813_Pg346_19.fsa,Pg346,IN_01,IN,19,0.20451819272291083,0.002399040383846462,0.001999200319872051,0.7910835665733706
883779813_Pg346_20.fsa,Pg346,IN_01,IN,20,0.22371051579368248,0.00859656137544982,0.0021991203518592567,0.7654938024790083
883779813_Pg346_21.fsa,Pg346,IN_01,IN,21,0.20351859256297483,0.0017992802878848463,0.0027988804478208716,0.7918832467013195
883779813_Pg346_22.fsa,Pg346,IN_01,IN,22,0.21295740851829634,0.0017996400719856032,0.0017996400719856032,0.7834433113377326
883779813_Pg346_23.fsa,Pg346,IN_01,IN,23,0.2014402880576115,0.001200240048009602,0.0016003200640128026,0.7957591518303662
883779813_Pg346_24.fsa,Pg346,IN_01,IN,24,0.2012,0.002,0.0018000000000000002,0.7949999999999999
883779813_Pg347_01.fsa,Pg347,KY_02,KY,25,0.20084016803360671,0.0016003200640128026,0.0022004400880176037,0.7953590718143628
883779813_Pg347_02.fsa,Pg347,KY_02,KY,26,0.19943988797759551,0.0014002800560112022,0.002000400080016003,0.7971594318863773
883779813_Pg347_03.fsa,Pg347,KY_02,KY,27,0.20508203281312523,0.0030012004801920774,0.011604641856742698,0.7803121248499401
883779813_Pg347_11.fsa,Pg347,KY_02,KY,28,0.18116376724655064,0.0039992001599680055,0.008798240351929611,0.8060387922415516
883779813_Pg347_12.fsa,Pg347,KY_02,KY,29,0.20371851259496201,0.005797680927628948,0.01399440223910436,0.7764894042383046
883779813_Pg347_17.fsa,Pg347,KY_02,KY,30,0.19916016796640676,0.0019996000799840036,0.004399120175964807,0.7944411117776445
883779813_Pg347_18.fsa,Pg347,KY_02,KY,31,0.18460000000000001,0.0102,0.009600000000000001,0.7956
883779813_Pg347_21.fsa,Pg347,KY_02,KY,32,0.21391443422630946,0.004398240703718513,0.034186325469812075,0.74750099960016
883779813_Pg347_22.fsa,Pg347,KY_02,KY,33,0.18052778888444623,0.004798080767692924,0.001999200319872051,0.8126749300279887
883779813_Pg347_23.fsa,Pg347,KY_02,KY,34,0.1847630473905219,0.001999600079984003,0.001199760047990402,0.8120375924815038
883779813_Pg348_01.fsa,Pg348,EX_01,EX-S,35,0.20051979208316673,0.001999200319872051,0.002798880447820872,0.7946821271491403
883779813_Pg348_02.fsa,Pg348,EX_01,EX-S,36,0.5996800639872024,0.002399520095980804,0.0017996400719856032,0.396120775844831
883779813_Pg348_03.fsa,Pg348,EX_01,EX-S,37,0.5982803439312137,0.0021995600879824036,0.002399520095980804,0.397120575884823
883779813_Pg348_04.fsa,Pg348,EX_01,EX-S,38,0.20248099239695877,0.0024009603841536617,0.002601040416166467,0.7925170068027212
883779813_Pg348_05.fsa,Pg348,EX_01,EX-S,39,0.195,0.002,0.004399999999999999,0.7986
883779813_Pg348_06.fsa,Pg348,EX_01,EX-S,40,0.20164032806561305,0.001200240048009602,0.002000400080016003,0.7951590318063613
883779813_Pg348_07.fsa,Pg348,EX_01,EX-S,41,0.20235952809438112,0.0013997200559888023,0.001199760047990402,0.7950409918016396
883779813_Pg348_08.fsa,Pg348,EX_01,EX-S,42,0.2031218731238743,0.0010006003602161296,0.0016009605763458077,0.79427656593956375
883779813_Pg348_09.fsa,Pg348,EX_01,EX-S,43,0.1964392878575715,0.002000400080016003,0.0016003200640128026,0.7999599919983997
883779813_Pg348_10.fsa,Pg348,EX_01,EX-S,44,0.2007606084867894,0.00100080064051241,0.001200960768614892,0.7970376301040832
883779813_Pg348_11.fsa,Pg348,EX_01,EX-S,45,0.19123824764952993,0.0010002000400080018,0.001600320064012803,0.8061612322464493
883779813_Pg348_12.fsa,Pg348,EX_01,EX-S,46,0.20139999999999997,0.001,0.0014,0.7962
883779813_Pg348_13.fsa,Pg348,EX_01,EX-S,47,0.20099999999999998,0.001,0.0018000000000000002,0.7962
883779813_Pg348_14.fsa,Pg348,EX_01,EX-S,48,0.20224044808961789,0.001800360072014403,0.0012002400480096021,0.7947589517903582
883779813_Pg348_15.fsa,Pg348,EX_01,EX-S,49,0.2025594881023795,0.001999600079984003,0.001999600079984003,0.7934413117376524
883779813_Pg348_16.fsa,Pg348,EX_01,EX-S,50,0.365873174634927,0.002000400080016003,0.002000400080016003,0.6301260252050409
883779813_Pg348_17.fsa,Pg348,EX_01,EX-S,51,0.47409481896379274,0.001800360072014403,0.0010002000400080016,0.5231046209241849
883779813_Pg348_18.fsa,Pg348,EX_01,EX-S,52,0.6022000000000001,0.0022,0.002,0.3936
883779813_Pg348_19.fsa,Pg348,EX_01,EX-S,53,0.35305877648940426,0.001999200319872051,0.001999200319872051,0.6429428228708517
883779813_Pg348_20.fsa,Pg348,EX_01,EX-S,54,0.5974805038992201,0.0017996400719856027,0.0015996800639872023,0.399120175964807
883779813_Pg348_21.fsa,Pg348,EX_01,EX-S,55,0.32739999999999997,0.003,0.002,0.6676
883779813_Pg348_22.fsa,Pg348,EX_01,EX-S,56,0.20131947221111554,0.0017992802878848463,0.0017992802878848463,0.7950819672131147
883779813_Pg348_23.fsa,Pg348,EX_01,EX-S,57,0.19616076784643072,0.004799040191961608,0.013797240551889623,0.7852429514097181
883779813_Pg348_24.fsa,Pg348,EX_01,EX-S,58,0.1965606878624275,0.011797640471905619,0.01319736052789442,0.7784443111377725
883779813_Pg349_01.fsa,Pg349,KY_01,KY,59,0.0032,0.0112,0.015,0.9705999999999999
883779813_Pg349_02.fsa,Pg349,KY_01,KY,60,0.0037984806077568972,0.005397840863654539,0.006797281087564975,0.9840063974410236
883779813_Pg349_03.fsa,Pg349,KY_01,KY,61,0.002999400119976005,0.001999600079984003,0.0031993601279744054,0.9918016396720656
883779813_Pg349_04.fsa,Pg349,KY_01,KY,62,0.004399999999999999,0.0016,0.002,0.992
883779813_Pg349_07.fsa,Pg349,KY_01,KY,63,0.0102,0.0018000000000000002,0.0026000000000000003,0.9853999999999999
883779813_Pg349_08.fsa,Pg349,KY_01,KY,64,0.004400000000000001,0.0028000000000000004,0.0032,0.9896
883779813_Pg349_09.fsa,Pg349,KY_01,KY,65,0.0028000000000000004,0.002,0.0018000000000000002,0.9934
883779813_Pg349_10.fsa,Pg349,KY_01,KY,66,0.017789326404157504,0.001798920647611433,0.0025984409354387365,0.9778133120127922
883779813_Pg349_11.fsa,Pg349,KY_01,KY,67,0.009598080383923216,0.0021995600879824036,0.003599280143971206,0.9846030793841231
883779813_Pg349_12.fsa,Pg349,KY_01,KY,68,0.0066,0.0012000000000000001,0.0018000000000000002,0.9904
883779813_Pg349_13.fsa,Pg349,KY_01,KY,69,0.008001600320064013,0.004000800160032006,0.004800960192038407,0.9831966393278655
883779813_Pg349_14.fsa,Pg349,KY_01,KY,70,0.0032006401280256056,0.0016003200640128028,0.0022004400880176033,0.992998599719944
883779813_Pg349_15.fsa,Pg349,KY_01,KY,71,0.006398720255948811,0.002999400119976005,0.002799440111977605,0.9878024395120975
883779813_Pg349_16.fsa,Pg349,KY_01,KY,72,0.0066,0.002,0.0018000000000000002,0.9896
883779813_Pg349_17.fsa,Pg349,KY_01,KY,73,0.024195160967806443,0.0025994801039792045,0.002999400119976005,0.9702059588082383
883779813_Pg349_18.fsa,Pg349,KY_01,KY,74,0.004000000000000001,0.0028000000000000004,0.0036,0.9895999999999999
883779813_Pg349_19.fsa,Pg349,KY_01,KY,75,0.007801560312062412,0.002400480096019204,0.005601120224044809,0.9841968393678735
883779813_Pg349_20.fsa,Pg349,KY_01,KY,76,0.003797721367179693,0.0019988007195682594,0.0021986807915250852,0.9920047971217271
883779813_Pg349_21.fsa,Pg349,KY_01,KY,77,0.0038000000000000004,0.002,0.0022,0.992
883779813_Pg349_22.fsa,Pg349,KY_01,KY,78,0.003399320135972806,0.0035992801439712063,0.015596880623875223,0.9774045190961808
883779813_Pg349_23.fsa,Pg349,KY_01,KY,79,0.004999000199960009,0.001999600079984003,0.001999600079984003,0.9910017996400721
883779813_Pg349_24.fsa,Pg349,KY_01,KY,80,0.01440864518711227,0.003001801080648389,0.006003602161296778,0.9765859515709426
883779813_Pg350_01.fsa,Pg350,KY_03,KY,81,0.0046,0.0024000000000000002,0.002,0.991
883779813_Pg350_02.fsa,Pg350,KY_03,KY,82,0.2549490101979604,0.010597880423915218,0.20815836832633475,0.5262947410517896
883779813_Pg350_03.fsa,Pg350,KY_03,KY,83,0.0035992801439712063,0.004399120175964806,0.001999600079984003,0.99000199960008
883779813_Pg350_04.fsa,Pg350,KY_03,KY,84,0.006602641056422569,0.0022008803521408565,0.0012004801920768309,0.9899959983993597
883779813_Pg350_05.fsa,Pg350,KY_03,KY,85,0.004798080767692924,0.001999200319872051,0.0015993602558976412,0.9916033586565374
883779813_Pg350_06.fsa,Pg350,KY_03,KY,86,0.009603841536614647,0.004601840736294518,0.004001600640256103,0.9817927170868347
883779813_Pg350_07.fsa,Pg350,KY_03,KY,87,0.004999000199960009,0.002399520095980804,0.001999600079984003,0.9906018796240751
883779813_Pg350_08.fsa,Pg350,KY_03,KY,88,0.004198320671731308,0.0973610555777689,0.05237904838064775,0.8460615753698522
883779813_Pg350_09.fsa,Pg350,KY_03,KY,89,0.0054,0.004399999999999999,0.0066,0.9836
883779813_Pg350_10.fsa,Pg350,KY_03,KY,90,0.021012607564538724,0.003602161296778067,0.0026015609365619375,0.9727836702021213
883779813_Pg350_11.fsa,Pg350,KY_03,KY,91,0.0070028011204481795,0.007603041216486594,0.006202480992396959,0.9791916766706682
883779813_Pg350_12.fsa,Pg350,KY_03,KY,92,0.007603041216486595,0.007603041216486594,0.006002400960384154,0.9787915166066427
883779813_Pg350_13.fsa,Pg350,KY_03,KY,93,0.006401280256051212,0.0020004000800160036,0.006201240248049611,0.9853970794158833
883779813_Pg350_14.fsa,Pg350,KY_03,KY,94,0.010404161664665868,0.07402961184473789,0.02220888355342137,0.8933573429371748
883779813_Pg350_15.fsa,Pg350,KY_03,KY,95,0.07355586648011193,0.0019988007195682594,0.002398560863481911,0.9220467719368378
883779813_Pg350_16.fsa,Pg350,KY_03,KY,96,0.003400680136027206,0.0016003200640128028,0.006801360272054412,0.9881976395279055
883779813_Pg350_17.fsa,Pg350,KY_03,KY,97,0.006002400960384154,0.001600640256102441,0.001600640256102441,0.990796318527411
883779813_Pg350_18.fsa,Pg350,KY_03,KY,98,0.5203121873123874,0.011606964178507102,0.007604562737642585,0.4604762857714629
883779813_Pg350_19.fsa,Pg350,KY_03,KY,99,0.0065986802639472104,0.0017996400719856032,0.0013997200559888023,0.9902019596080783
883779813_Pg350_20.fsa,Pg350,KY_03,KY,100,0.00700280112044818,0.002601040416166467,0.0034013605442176874,0.9869947979191677
883779813_Pg350_21.fsa,Pg350,KY_03,KY,101,0.0034013605442176874,0.0010004001600640256,0.0012004801920768309,0.9943977591036414
883779813_Pg350_22.fsa,Pg350,KY_03,KY,102,0.014794082367053178,0.0025989604158336665,0.001999200319872051,0.980607756897241
883779813_Pg351_01.fsa,Pg351,KY_04,KY,103,0.009796081567373051,0.001999200319872051,0.0021991203518592567,0.9860055977608956
883779813_Pg351_02.fsa,Pg351,KY_04,KY,104,0.04781912765106042,0.06942777110844338,0.026210484193677473,0.8565426170468188
883779813_Pg351_03.fsa,Pg351,KY_04,KY,105,0.03038784486205517,0.02039184326269492,0.005597760895641742,0.9436225509796081
883779813_Pg351_04.fsa,Pg351,KY_04,KY,106,0.0040016006402561035,0.0020008003201280513,0.0014005602240896359,0.9925970388155263
883779813_Pg351_05.fsa,Pg351,KY_04,KY,107,0.03639272145570886,0.017196560687862426,0.014197160567886424,0.9322135572885423
883779813_Pg351_06.fsa,Pg351,KY_04,KY,108,0.009996001599360257,0.0043982407037185135,0.004598160735705717,0.9810075969612156
883779813_Pg351_07.fsa,Pg351,KY_04,KY,109,0.11362272454490897,0.0030006001200240046,0.0030006001200240046,0.880376075215043
883779813_Pg351_08.fsa,Pg351,KY_04,KY,110,0.011200000000000002,0.0016,0.002,0.9852000000000001
883779813_Pg351_09.fsa,Pg351,KY_04,KY,111,0.11720000000000001,0.004000000000000001,0.002,0.8768
883779813_Pg351_10.fsa,Pg351,KY_04,KY,112,0.003,0.0026,0.0016,0.9927999999999999
883779813_Pg351_11.fsa,Pg351,KY_04,KY,113,0.12697460507898417,0.011397720455908814,0.0023995200959808036,0.8592281543691261
883779813_Pg351_12.fsa,Pg351,KY_04,KY,114,0.07818436312737455,0.002799440111977605,0.001599680063987203,0.9174165166966608
883779813_Pg351_13.fsa,Pg351,KY_04,KY,115,0.007998400319936013,0.014797040591881623,0.011797640471905619,0.9654069186162768
883779813_Pg351_14.fsa,Pg351,KY_04,KY,116,0.008801760352070412,0.02960592118423684,0.009001800360072013,0.9525905181036207
883779813_Pg351_15.fsa,Pg351,KY_04,KY,117,0.016406562625050025,0.00660264105642257,0.005602240896358544,0.971388555422169
883779813_Pg351_16.fsa,Pg351,KY_04,KY,118,0.0324,0.0028000000000000004,0.0036000000000000003,0.9612
883779813_Pg351_17.fsa,Pg351,KY_04,KY,119,0.009998000399920017,0.0017996400719856032,0.001999600079984003,0.9862027594481104
883779813_Pg351_18.fsa,Pg351,KY_04,KY,120,0.007595442734359386,0.0029982010793523886,0.0033979612232660408,0.9860083949630222
883779813_Pg351_19.fsa,Pg351,KY_04,KY,121,0.007397041183526589,0.001999200319872051,0.004998000799680128,0.9856057576969213
883779813_Pg351_20.fsa,Pg351,KY_04,KY,122,0.004600920184036809,0.002000400080016003,0.002000400080016003,0.9913982796559311
883779813_Pg351_21.fsa,Pg351,KY_04,KY,123,0.007598480303939211,0.005598880223955208,0.001999600079984003,0.9848030393921214
883779813_Pg351_22.fsa,Pg351,KY_04,KY,124,0.02539492101579684,0.005598880223955209,0.010997800439912017,0.958008398320336
883779813_Pg351_23.fsa,Pg351,KY_04,KY,125,0.04958016793282687,0.009596161535385847,0.009396241503398642,0.9314274290283886
883779813_Pg351_24.fsa,Pg351,KY_04,KY,126,0.005201040208041608,0.004600920184036807,0.0022004400880176037,0.987997599519904
883779813_Pg352_01.fsa,Pg352,KY_05,KY,127,0.5948,0.0022,0.0032,0.3998
883779813_Pg352_02.fsa,Pg352,KY_05,KY,128,0.5930372148859544,0.0024009603841536617,0.0038015206082432974,0.40076030412164865
883779813_Pg352_03.fsa,Pg352,KY_05,KY,129,0.5886822635472906,0.005598880223955209,0.001999600079984003,0.4037192561487703
883779813_Pg352_04.fsa,Pg352,KY_05,KY,130,0.594881023795241,0.0021995600879824036,0.002399520095980804,0.40051989602079585
883779813_Pg352_05.fsa,Pg352,KY_05,KY,131,0.47240000000000004,0.0024000000000000002,0.0028,0.5224
883779813_Pg352_06.fsa,Pg352,KY_05,KY,132,0.5776844631073785,0.002799440111977604,0.001999600079984003,0.4175164967006599
883779813_Pg352_07.fsa,Pg352,KY_05,KY,133,0.5254101640656262,0.0028011204481792713,0.003401360544217687,0.46838735494197675
883779813_Pg352_08.fsa,Pg352,KY_05,KY,134,0.5788,0.0032,0.010199999999999999,0.40779999999999994
883779813_Pg352_09.fsa,Pg352,KY_05,KY,135,0.5964771817453962,0.0034027221777421946,0.0024019215372297845,0.39771817453963176
883779813_Pg352_10.fsa,Pg352,KY_05,KY,136,0.5932,0.0028,0.0038,0.4002
883779813_Pg352_11.fsa,Pg352,KY_05,KY,137,0.597119423884777,0.0030006001200240046,0.004000800160032006,0.395879175835167
883779813_Pg352_12.fsa,Pg352,KY_05,KY,138,0.5991198239647929,0.0030006001200240046,0.0028005601120224045,0.3950790158031606
883779813_Pg352_13.fsa,Pg352,KY_05,KY,139,0.5972,0.0026000000000000003,0.001,0.3992
883779813_Pg352_14.fsa,Pg352,KY_05,KY,140,0.6001200240048009,0.0016003200640128026,0.0022004400880176033,0.39607921584316863
883779813_Pg352_15.fsa,Pg352,KY_05,KY,141,0.5979195839167833,0.002800560112022404,0.0010002000400080016,0.39827965593118625
883779813_Pg352_16.fsa,Pg352,KY_05,KY,142,0.5957191438287658,0.013002600520104022,0.002000400080016003,0.3892778555711142
883779813_Pg352_17.fsa,Pg352,KY_05,KY,143,0.6233246649329867,0.005001000200040007,0.011602320464092819,0.3600720144028806
883779813_Pg352_18.fsa,Pg352,KY_05,KY,144,0.5970388155262105,0.003201280512204882,0.002601040416166467,0.3971588635454182
883779813_Pg352_19.fsa,Pg352,KY_05,KY,145,0.5963229416466828,0.0029976019184652283,0.0019984012789768186,0.3986810551558753
883779813_Pg352_20.fsa,Pg352,KY_05,KY,146,0.5493295977586552,0.019411646988192918,0.0012007204322593559,0.43005803482089255
883779813_Pg352_21.fsa,Pg352,KY_05,KY,147,0.5916816636672665,0.003399320135972806,0.004199160167966408,0.40071985602879423
883779813_Pg352_22.fsa,Pg352,KY_05,KY,148,0.5976390556222488,0.0024009603841536617,0.0010004001600640256,0.3989595838335334
883779813_Pg352_23.fsa,Pg352,KY_05,KY,149,0.5970388155262104,0.0022008803521408565,0.0010004001600640256,0.3997599039615847
883779813_Pg352_24.fsa,Pg352,KY_05,KY,150,0.5985999999999999,0.003,0.003,0.3954
883779813_Pg353_01.fsa,Pg353,EX_02,EX-S,151,0.19083816763352673,0.6599319863972795,0.0014002800560112022,0.14782956591318264
883779813_Pg353_02.fsa,Pg353,EX_02,EX-S,152,0.17443488697739548,0.774754950990198,0.004400880176035207,0.04640928185637126
883779813_Pg353_03.fsa,Pg353,EX_02,EX-S,153,0.1952781112444978,0.24689875950380152,0.004601840736294517,0.5532212885154061
883779813_Pg353_04.fsa,Pg353,EX_02,EX-S,154,0.3271345730853829,0.15796840631873627,0.01859628074385123,0.49630073985202966
883779813_Pg353_05.fsa,Pg353,EX_02,EX-S,155,0.22960000000000003,0.0514,0.061,0.658
883779813_Pg353_06.fsa,Pg353,EX_02,EX-S,156,0.0766,0.6512,0.0036,0.2686
883779813_Pg353_07.fsa,Pg353,EX_02,EX-S,157,0.0570114022804561,0.9377875575115022,0.0026005201040208044,0.0026005201040208044
883779813_Pg353_08.fsa,Pg353,EX_02,EX-S,158,0.12255097960815675,0.13294682127149138,0.031187524990003997,0.7133146741303479
883779813_Pg353_09.fsa,Pg353,EX_02,EX-S,159,0.16226490596238496,0.09243697478991597,0.04521808723489396,0.7000800320128051
883779813_Pg353_10.fsa,Pg353,EX_02,EX-S,160,0.1279744051189762,0.3755248950209958,0.04939012197560488,0.44711057788442304
883779813_Pg353_11.fsa,Pg353,EX_02,EX-S,161,0.2796,0.29579999999999995,0.004399999999999999,0.4202
883779813_Pg353_12.fsa,Pg353,EX_02,EX-S,162,0.16123224644928985,0.44428885777155436,0.003800760152030406,0.3906781356271254
883779813_Pg353_13.fsa,Pg353,EX_02,EX-S,163,0.16443288657731547,0.34806961392278457,0.0022004400880176037,0.48529705941188234
883779813_Pg353_14.fsa,Pg353,EX_02,EX-S,164,0.03320664132826566,0.8269653930786157,0.002000400080016003,0.13782756551310263
883779813_Pg353_15.fsa,Pg353,EX_02,EX-S,165,0.136,0.5098,0.006,0.3482
883779813_Pg353_16.fsa,Pg353,EX_02,EX-S,166,0.1516,0.004999999999999999,0.0021999999999999997,0.8412000000000001
883779813_Pg353_17.fsa,Pg353,EX_02,EX-S,167,0.10700000000000001,0.46019999999999994,0.0032,0.4295999999999999
883779813_Pg353_18.fsa,Pg353,EX_02,EX-S,168,0.10322064412882577,0.5259051810362073,0.0022004400880176037,0.36867373474694937
883779813_Pg353_19.fsa,Pg353,EX_02,EX-S,169,0.230246049209842,0.6267253450690138,0.0022004400880176037,0.1408281656331266
883779813_Pg353_20.fsa,Pg353,EX_02,EX-S,170,0.22684536907381472,0.7017403480696139,0.002800560112022405,0.0686137227445489
883779813_Pg353_21.fsa,Pg353,EX_02,EX-S,171,0.2121575684863027,0.15636872625474904,0.002199560087982403,0.6292741451709658
883779813_Pg353_22.fsa,Pg353,EX_02,EX-S,172,0.30399999999999994,0.1464,0.0214,0.5282
883779813_Pg353_23.fsa,Pg353,EX_02,EX-S,173,0.044208841768353664,0.9439887977595519,0.0022004400880176033,0.009601920384076815
883779813_Pg353_24.fsa,Pg353,EX_02,EX-S,174,0.4272,0.3068,0.0092,0.25680000000000003
883779813_Pg354_01.fsa,Pg354,KY_06,KY,175,0.014997000599880024,0.003599280143971206,0.0021995600879824036,0.9792041591681664
883779813_Pg354_02.fsa,Pg354,KY_06,KY,176,0.007198560287942413,0.010997800439912017,0.002999400119976005,0.9788042391521694
883779813_Pg354_10.fsa,Pg354,KY_06,KY,177,0.017803560712142424,0.0028005601120224036,0.002400480096019204,0.9769953990798159
883779813_Pg354_11.fsa,Pg354,KY_06,KY,178,0.04379124175164967,0.0015996800639872023,0.0019996000799840027,0.952609478104379
883779813_Pg354_12.fsa,Pg354,KY_06,KY,179,0.004198320671731308,0.0031987205117952823,0.0017992802878848463,0.9908036785285884
883779813_Pg354_13.fsa,Pg354,KY_06,KY,180,0.0068000000000000005,0.006200000000000001,0.0034000000000000002,0.9836
883779813_Pg354_14.fsa,Pg354,KY_06,KY,181,0.00560112022404481,0.001800360072014403,0.002000400080016003,0.9905981196239249
883779813_Pg354_15.fsa,Pg354,KY_06,KY,182,0.0108,0.0032,0.0024000000000000002,0.9836
883779813_Pg354_22.fsa,Pg354,KY_06,KY,183,0.004000000000000001,0.0028000000000000004,0.014799999999999999,0.9783999999999999
883779813_Pg354_23.fsa,Pg354,KY_06,KY,184,0.003,0.004,0.003,0.9899999999999999
883779813_Pg354_24.fsa,Pg354,KY_06,KY,185,0.016400000000000005,0.0092,0.002,0.9724
883779813_Pg355_01.fsa,Pg355,EX_03,EX-S,186,0.19883976795359073,0.7971594318863773,0.003000600120024005,0.0010002000400080016
883779813_Pg355_02.fsa,Pg355,EX_03,EX-S,187,0.20051979208316673,0.7950819672131146,0.002399040383846462,0.001999200319872051
883779813_Pg355_03.fsa,Pg355,EX_03,EX-S,188,0.19296140771845632,0.7932413517296539,0.001999600079984003,0.011797640471905619
883779813_Pg355_04.fsa,Pg355,EX_03,EX-S,189,0.1338,0.384,0.0018000000000000002,0.48040000000000005
883779813_Pg355_05.fsa,Pg355,EX_03,EX-S,190,0.3044782087165133,0.4724110355857657,0.014394242303078765,0.20871651339464212
883779813_Pg355_06.fsa,Pg355,EX_03,EX-S,191,0.20711715313874451,0.7860855657736906,0.0021991203518592567,0.004598160735705718
883779813_Pg355_07.fsa,Pg355,EX_03,EX-S,192,0.2074829931972789,0.7851140456182473,0.0022008803521408565,0.005202080832332934
883779813_Pg355_08.fsa,Pg355,EX_03,EX-S,193,0.19419999999999998,0.12679999999999997,0.0452,0.6338
883779813_Pg355_09.fsa,Pg355,EX_03,EX-S,194,0.2006401280256051,0.7949589917983597,0.0024004800960192043,0.002000400080016003
883779813_Pg355_10.fsa,Pg355,EX_03,EX-S,195,0.2006802721088435,0.7951180472188876,0.0022008803521408565,0.0020008003201280513
883779813_Pg355_11.fsa,Pg355,EX_03,EX-S,196,0.2002,0.7946,0.003,0.0022
883779813_Pg355_12.fsa,Pg355,EX_03,EX-S,197,0.2008803521408564,0.7949179671868748,0.0020008003201280517,0.002200880352140857
883779813_Pg355_13.fsa,Pg355,EX_03,EX-S,198,0.2092,0.7759999999999999,0.0036000000000000003,0.0112
883779813_Pg355_14.fsa,Pg355,EX_03,EX-S,199,0.19947979191676668,0.7961184473789517,0.0024009603841536617,0.0020008003201280513
883779813_Pg355_15.fsa,Pg355,EX_03,EX-S,200,0.022,0.9608000000000001,0.006,0.0112
883779813_Pg355_16.fsa,Pg355,EX_03,EX-S,201,0.0142,0.013000000000000001,0.004399999999999999,0.9683999999999999
883779813_Pg355_17.fsa,Pg355,EX_03,EX-S,202,0.2009598080383923,0.7934413117376524,0.003399320135972805,0.0021995600879824036
883779813_Pg355_18.fsa,Pg355,EX_03,EX-S,203,0.07658468306338732,0.9196160767846432,0.001999600079984003,0.0017996400719856032
883779813_Pg355_19.fsa,Pg355,EX_03,EX-S,204,0.1985205917632947,0.7978808476609357,0.0021991203518592567,0.0013994402239104358
883779813_Pg355_20.fsa,Pg355,EX_03,EX-S,205,0.04539092181563687,0.9442111577684462,0.0019996000799840027,0.008398320335932812
883779813_Pg355_21.fsa,Pg355,EX_03,EX-S,206,0.012004801920768306,0.004601840736294517,0.0024009603841536613,0.9809923969587835
883779813_Pg355_22.fsa,Pg355,EX_03,EX-S,207,0.006601320264052811,0.004000800160032006,0.013602720544108823,0.9757951590318064
883779813_Pg355_23.fsa,Pg355,EX_03,EX-S,208,0.19763952790558112,0.7993598719743948,0.002000400080016003,0.0010002000400080016
883779813_Pg355_24.fsa,Pg355,EX_03,EX-S,209,0.19803960792158434,0.7983596719343868,0.002600520104020805,0.0010002000400080016
883779813_Pg356_01.fsa,Pg356,TNE_02,TNE,210,0.0026000000000000003,0.06220000000000001,0.933,0.0022
883779813_Pg356_02.fsa,Pg356,TNE_02,TNE,211,0.002000400080016003,0.003200640128025605,0.9931986397279455,0.0016003200640128026
883779813_Pg356_03.fsa,Pg356,TNE_02,TNE,212,0.0021982414068745003,0.0035971223021582727,0.991806554756195,0.002398081534772182
883779813_Pg356_04.fsa,Pg356,TNE_02,TNE,213,0.002199560087982403,0.006798640271945612,0.9884023195360927,0.0025994801039792045
883779813_Pg356_05.fsa,Pg356,TNE_02,TNE,214,0.004200000000000001,0.003,0.9908000000000001,0.002
883779813_Pg356_06.fsa,Pg356,TNE_02,TNE,215,0.0025984409354387374,0.005996402158704777,0.9882070757545474,0.003198081151309215
883779813_Pg356_07.fsa,Pg356,TNE_02,TNE,216,0.002199560087982403,0.005798840231953609,0.9894021195760847,0.0025994801039792045
883779813_Pg356_08.fsa,Pg356,TNE_02,TNE,217,0.031006201240248055,0.003200640128025605,0.9645929185837168,0.001200240048009602
883779813_Pg356_09.fsa,Pg356,TNE_02,TNE,218,0.0033986405437824866,0.004598160735705718,0.9892043182726908,0.002798880447820872
883779813_Pg356_10.fsa,Pg356,TNE_02,TNE,219,0.0037992401519696068,0.0031993601279744054,0.9910017996400721,0.001999600079984003
883779813_Pg356_11.fsa,Pg356,TNE_02,TNE,220,0.0032,0.0022,0.9922000000000001,0.0024000000000000002
883779813_Pg356_12.fsa,Pg356,TNE_02,TNE,221,0.0032,0.007200000000000001,0.9833999999999999,0.0062
883779813_Pg356_13.fsa,Pg356,TNE_02,TNE,222,0.002,0.0022,0.9942,0.0016
883779813_Pg356_14.fsa,Pg356,TNE_02,TNE,223,0.001999600079984003,0.0017996400719856032,0.9944011197760447,0.0017996400719856032
883779813_Pg356_15.fsa,Pg356,TNE_02,TNE,224,0.0034000000000000002,0.0164,0.9776,0.0026000000000000003
883779813_Pg356_16.fsa,Pg356,TNE_02,TNE,225,0.033793241351729654,0.024995000999800038,0.9274145170965807,0.01379724055188962
883779813_Pg356_17.fsa,Pg356,TNE_02,TNE,226,0.009,0.0022,0.9872,0.0016
883779813_Pg356_18.fsa,Pg356,TNE_02,TNE,227,0.0032,0.007399999999999999,0.9865999999999999,0.0028
883779813_Pg356_19.fsa,Pg356,TNE_02,TNE,228,0.0021995600879824036,0.002799440111977605,0.9932013597280543,0.0017996400719856032
883779813_Pg356_20.fsa,Pg356,TNE_02,TNE,229,0.004399999999999999,0.005000000000000001,0.9879999999999999,0.0026000000000000003
883779813_Pg356_21.fsa,Pg356,TNE_02,TNE,230,0.0036007201440288058,0.0036007201440288058,0.9907981596319264,0.002000400080016003
883779813_Pg356_22.fsa,Pg356,TNE_02,TNE,231,0.008198360327934412,0.008798240351929613,0.9804039192161567,0.002599480103979204
883779813_Pg356_23.fsa,Pg356,TNE_02,TNE,232,0.0028,0.0028,0.9924,0.002
883779813_Pg356_24.fsa,Pg356,TNE_02,TNE,233,0.0026000000000000003,0.0022,0.9931999999999999,0.002
883779813_Pg357_01.fsa,Pg357,TNE_01,TNE,234,0.1993601279744051,0.003399320135972806,0.7950409918016397,0.0021995600879824036
883779813_Pg357_02.fsa,Pg357,TNE_01,TNE,235,0.1989591673338671,0.00300240192153723,0.7970376301040832,0.00100080064051241
883779813_Pg357_03.fsa,Pg357,TNE_01,TNE,236,0.20191923230707715,0.0029988004798080768,0.7922830867652939,0.0027988804478208716
883779813_Pg357_04.fsa,Pg357,TNE_01,TNE,237,0.20008003201280514,0.001800720288115246,0.79671868747499,0.0014005602240896359
883779813_Pg357_05.fsa,Pg357,TNE_01,TNE,238,0.20051979208316673,0.0017992802878848463,0.7960815673730508,0.0015993602558976412
883779813_Pg357_06.fsa,Pg357,TNE_01,TNE,239,0.1998399679935987,0.002400480096019204,0.7961592318463693,0.0016003200640128026
883779813_Pg357_07.fsa,Pg357,TNE_01,TNE,240,0.2007197121151539,0.002598960415833667,0.7948820471811276,0.0017992802878848463
883779813_Pg357_08.fsa,Pg357,TNE_01,TNE,241,0.021208483393357343,0.020808323329331732,0.06002400960384155,0.8979591836734694
883779813_Pg357_09.fsa,Pg357,TNE_01,TNE,242,0.20051979208316673,0.0017992802878848463,0.7954818072770893,0.0021991203518592567
883779813_Pg357_10.fsa,Pg357,TNE_01,TNE,243,0.1998799519807923,0.002801120448179272,0.7957182873149259,0.001600640256102441
883779813_Pg357_11.fsa,Pg357,TNE_01,TNE,244,0.2,0.002,0.7966,0.0014
883779813_Pg357_12.fsa,Pg357,TNE_01,TNE,245,0.1992,0.003,0.7964,0.0014
883779813_Pg357_13.fsa,Pg357,TNE_01,TNE,246,0.20047971217269636,0.003198081151309215,0.7943234059564263,0.0019988007195682594
883779813_Pg357_14.fsa,Pg357,TNE_01,TNE,247,0.20051979208316673,0.0017992802878848463,0.7960815673730508,0.0015993602558976412
883779813_Pg357_15.fsa,Pg357,TNE_01,TNE,248,0.19636072785442912,0.0025994801039792045,0.7986402719456108,0.002399520095980804
883779813_Pg357_16.fsa,Pg357,TNE_01,TNE,249,0.20035992801439712,0.0017996400719856032,0.7962407518496301,0.0015996800639872027
883779813_Pg357_17.fsa,Pg357,TNE_01,TNE,250,0.1994797919167667,0.002601040416166467,0.7949179671868748,0.003001200480192077
883779813_Pg357_18.fsa,Pg357,TNE_01,TNE,251,0.20055988802239555,0.002199560087982404,0.7952409518096382,0.0019996000799840036
883779813_Pg357_19.fsa,Pg357,TNE_01,TNE,252,0.19996000799840033,0.002999400119976005,0.7954409118176364,0.0015996800639872027
883779813_Pg357_20.fsa,Pg357,TNE_01,TNE,253,0.2001599680063987,0.001999600079984003,0.7960407918416317,0.0017996400719856032
883779813_Pg357_21.fsa,Pg357,TNE_01,TNE,254,0.2005598880223955,0.001999600079984003,0.7958408318336332,0.0015996800639872027
883779813_Pg357_22.fsa,Pg357,TNE_01,TNE,255,0.1996798719487795,0.0036014405762304917,0.7907162865146058,0.006002400960384154
883779813_Pg357_23.fsa,Pg357,TNE_01,TNE,256,0.19323864772954588,0.004800960192038408,0.8009601920384077,0.0010002000400080016
883779813_Pg357_24.fsa,Pg357,TNE_01,TNE,257,0.20007995202878273,0.0017989206476114335,0.7963222066759944,0.0017989206476114335
883779813_Pg358_01.fsa,Pg358,TNW_04,TNW,258,0.0034000000000000002,0.9894000000000001,0.0036000000000000003,0.0036
883779813_Pg358_02.fsa,Pg358,TNW_04,TNW,259,0.02681072428971589,0.9689875950380151,0.0032012805122048826,0.0010004001600640259
883779813_Pg358_03.fsa,Pg358,TNW_04,TNW,260,0.004599080183963208,0.9870025994801039,0.0061987602479504095,0.002199560087982403
883779813_Pg358_04.fsa,Pg358,TNW_04,TNW,261,0.05301060212042409,0.9419883976795359,0.004000800160032006,0.0010002000400080016
883779813_Pg358_05.fsa,Pg358,TNW_04,TNW,262,0.0030006001200240046,0.9935987197439489,0.002000400080016003,0.0014002800560112022
883779813_Pg358_06.fsa,Pg358,TNW_04,TNW,263,0.0019988007195682594,0.9940035978412952,0.0019988007195682594,0.0019988007195682594
883779813_Pg358_07.fsa,Pg358,TNW_04,TNW,264,0.031,0.9521999999999998,0.0132,0.0036000000000000003
883779813_Pg358_08.fsa,Pg358,TNW_04,TNW,265,0.008003201280512205,0.9883953581432573,0.002601040416166467,0.0010004001600640256
883779813_Pg358_09.fsa,Pg358,TNW_04,TNW,266,0.0486,0.8402,0.10260000000000002,0.0086
883779813_Pg358_10.fsa,Pg358,TNW_04,TNW,267,0.03382029217530519,0.9127476485891536,0.03762257354412647,0.015809485691414847
883779813_Pg358_11.fsa,Pg358,TNW_04,TNW,268,0.0037984806077568972,0.9878048780487805,0.006397441023590565,0.001999200319872051
883779813_Pg358_12.fsa,Pg358,TNW_04,TNW,269,0.006201240248049611,0.7891578315663133,0.18943788757751548,0.015203040608121622
883779813_Pg358_13.fsa,Pg358,TNW_04,TNW,270,0.0028005601120224045,0.9895979195839169,0.004800960192038409,0.002800560112022405
883779813_Pg358_14.fsa,Pg358,TNW_04,TNW,271,0.005402160864345739,0.990796318527411,0.002601040416166467,0.0012004801920768309
883779813_Pg358_15.fsa,Pg358,TNW_04,TNW,272,0.004000800160032006,0.9737947589517904,0.012402480496099221,0.009801960392078417
883779813_Pg358_16.fsa,Pg358,TNW_04,TNW,273,0.022799999999999997,0.9634,0.009399999999999999,0.004399999999999999
883779813_Pg358_17.fsa,Pg358,TNW_04,TNW,274,0.0076,0.9186,0.0714,0.0024000000000000002
883779813_Pg358_18.fsa,Pg358,TNW_04,TNW,275,0.027794441111777646,0.9636072785442912,0.0035992801439712063,0.004999000199960009
883779813_Pg358_19.fsa,Pg358,TNW_04,TNW,276,0.0308,0.921,0.008400000000000001,0.0398
883779813_Pg358_20.fsa,Pg358,TNW_04,TNW,277,0.0112,0.984,0.0034000000000000002,0.0014
883779813_Pg358_21.fsa,Pg358,TNW_04,TNW,278,0.005002000800320128,0.9889955982392957,0.0026010404161664665,0.0034013605442176874
883779813_Pg358_22.fsa,Pg358,TNW_04,TNW,279,0.0021991203518592554,0.9928028788484605,0.0029988004798080763,0.0019992003198720507
883779813_Pg358_23.fsa,Pg358,TNW_04,TNW,280,0.004800960192038408,0.9891978395679135,0.002400480096019204,0.0036007201440288053
883779813_Pg358_24.fsa,Pg358,TNW_04,TNW,281,0.0027988804478208716,0.9932027189124351,0.0021991203518592563,0.0017992802878848463
883779813_Pg359_01.fsa,Pg359,TNW_05,TNW,282,0.007601520304060813,0.9845969193838768,0.0058011602320464095,0.002000400080016003
883779813_Pg359_02.fsa,Pg359,TNW_05,TNW,283,0.051589682063587286,0.9264147170565887,0.008998200359928016,0.012997400519896023
883779813_Pg359_03.fsa,Pg359,TNW_05,TNW,284,0.006001200240048009,0.9779955991198239,0.010402080416083216,0.00560112022404481
883779813_Pg359_04.fsa,Pg359,TNW_05,TNW,285,0.027800000000000002,0.9572,0.007400000000000001,0.0076
883779813_Pg359_05.fsa,Pg359,TNW_05,TNW,286,0.005,0.9888,0.0028,0.0034000000000000002
883779813_Pg359_06.fsa,Pg359,TNW_05,TNW,287,0.008198360327934412,0.98500299940012,0.002799440111977605,0.003999200159968006
883779813_Pg359_07.fsa,Pg359,TNW_05,TNW,288,0.013797240551889623,0.9738052389522096,0.004399120175964806,0.007998400319936013
883779813_Pg359_08.fsa,Pg359,TNW_05,TNW,289,0.07481496299259853,0.8931786357271454,0.027005401080216047,0.005001000200040007
883779813_Pg359_09.fsa,Pg359,TNW_05,TNW,290,0.03821528611444578,0.9077631052420969,0.011804721888755502,0.042216886754701886
883779813_Pg359_10.fsa,Pg359,TNW_05,TNW,291,0.002199560087982403,0.9928014397120576,0.002999400119976005,0.001999600079984003
883779813_Pg359_11.fsa,Pg359,TNW_05,TNW,292,0.004401760704281712,0.9865946378551421,0.004201680672268908,0.0048019207683073235
883779813_Pg359_12.fsa,Pg359,TNW_05,TNW,293,0.031412565026010406,0.9145658263305322,0.04681872749099641,0.007202881152460984
883779813_Pg359_13.fsa,Pg359,TNW_05,TNW,294,0.016396720655868828,0.9624075184963007,0.014397120575884825,0.006798640271945612
883779813_Pg359_14.fsa,Pg359,TNW_05,TNW,295,0.0162,0.9469999999999998,0.034,0.0028
883779813_Pg359_15.fsa,Pg359,TNW_05,TNW,296,0.02519496100779844,0.9482103579284143,0.008998200359928016,0.017596480703859226
883779813_Pg359_16.fsa,Pg359,TNW_05,TNW,297,0.0314125650260104,0.8999599839935974,0.06382553021208484,0.0048019207683073235
883779813_Pg359_17.fsa,Pg359,TNW_05,TNW,298,0.007001400280056011,0.9871974394878975,0.0038007601520304054,0.0020004000800160028
883779813_Pg359_18.fsa,Pg359,TNW_05,TNW,299,0.018600000000000002,0.942,0.0048000000000000004,0.034600000000000006
883779813_Pg359_19.fsa,Pg359,TNW_05,TNW,300,0.005202080832332934,0.9795918367346939,0.013005202080832334,0.0022008803521408565
883779813_Pg359_20.fsa,Pg359,TNW_05,TNW,301,0.0038007601520304054,0.9923984796959391,0.0022004400880176033,0.0016003200640128023
883779813_Pg359_21.fsa,Pg359,TNW_05,TNW,302,0.04900980196039208,0.8717743548709742,0.05261052210442088,0.02660532106421284
883779813_Pg359_22.fsa,Pg359,TNW_05,TNW,303,0.0030006001200240046,0.9923984796959391,0.0022004400880176033,0.002400480096019204
883779813_Pg359_23.fsa,Pg359,TNW_05,TNW,304,0.025610244097639057,0.9477791116446579,0.015806322529011606,0.010804321728691477
883779813_Pg359_24.fsa,Pg359,TNW_05,TNW,305,0.001999600079984003,0.9942011597680465,0.0017996400719856032,0.001999600079984003
883779813_Pg360_01.fsa,Pg360,TNW_03,TNW,306,0.0021986807915250852,0.4005596642014791,0.5954427343593844,0.0017989206476114335
883779813_Pg360_02.fsa,Pg360,TNW_03,TNW,307,0.053989202159568095,0.31173765246950613,0.6294741051789642,0.004799040191961608
883779813_Pg360_03.fsa,Pg360,TNW_03,TNW,308,0.0016003200640128026,0.39867973594718936,0.5979195839167835,0.001800360072014403
883779813_Pg360_04.fsa,Pg360,TNW_03,TNW,309,0.003198081151309215,0.39456326204277437,0.5950429742154707,0.007195682590445733
883779813_Pg360_05.fsa,Pg360,TNW_03,TNW,310,0.001800360072014403,0.39847969593918786,0.597119423884777,0.002600520104020805
883779813_Pg360_06.fsa,Pg360,TNW_03,TNW,311,0.0019996000799840036,0.39872025594881016,0.5964807038592281,0.0027994401119776045
883779813_Pg360_07.fsa,Pg360,TNW_03,TNW,312,0.002200880352140856,0.38195278111244496,0.6138455382152861,0.0020008003201280513
883779813_Pg360_08.fsa,Pg360,TNW_03,TNW,313,0.0030006001200240046,0.35367073414682937,0.6397279455891178,0.0036007201440288053
883779813_Pg360_09.fsa,Pg360,TNW_03,TNW,314,0.0472,0.3396,0.4354,0.1778
883779813_Pg360_10.fsa,Pg360,TNW_03,TNW,315,0.002399040383846462,0.3958416633346662,0.5983606557377049,0.0033986405437824874
883779813_Pg360_11.fsa,Pg360,TNW_03,TNW,316,0.005,0.3746,0.6176000000000001,0.0028000000000000004
883779813_Pg360_12.fsa,Pg360,TNW_03,TNW,317,0.0032006401280256056,0.39387877575515107,0.5995199039807961,0.003400680136027206
883779813_Pg360_13.fsa,Pg360,TNW_03,TNW,318,0.001200960768614892,0.3989191353082466,0.5986789431545237,0.001200960768614892
883779813_Pg360_14.fsa,Pg360,TNW_03,TNW,319,0.0012004801920768309,0.39875950380152053,0.5986394557823129,0.0014005602240896359
883779813_Pg360_15.fsa,Pg360,TNW_03,TNW,320,0.002,0.3704,0.6241999999999999,0.0034000000000000002
883779813_Pg360_16.fsa,Pg360,TNW_03,TNW,321,0.0018000000000000002,0.40380000000000005,0.5932,0.0012000000000000001
883779813_Pg360_17.fsa,Pg360,TNW_03,TNW,322,0.0022,0.3968,0.5988,0.0022
883779813_Pg360_18.fsa,Pg360,TNW_03,TNW,323,0.0029988004798080768,0.39844062375049977,0.594562175129948,0.003998400639744102
883779813_Pg360_19.fsa,Pg360,TNW_03,TNW,324,0.003,0.4042,0.5898,0.003
883779813_Pg360_20.fsa,Pg360,TNW_03,TNW,325,0.0032,0.3578,0.6346,0.0044
883779813_Pg360_21.fsa,Pg360,TNW_03,TNW,326,0.002601560936561937,0.3998399039423654,0.5953572143285971,0.0022013207924754855
883779813_Pg360_22.fsa,Pg360,TNW_03,TNW,327,0.003,0.39580000000000004,0.5966,0.0046
883779813_Pg360_23.fsa,Pg360,TNW_03,TNW,328,0.0025994801039792045,0.38992201559688067,0.6048790241951609,0.0025994801039792045
883779813_Pg360_24.fsa,Pg360,TNW_03,TNW,329,0.0498,0.3156,0.6246,0.009999999999999998
883779813_Pg361_01.fsa,Pg361,TNW_02,TNW,330,0.34199999999999997,0.2782,0.28279999999999994,0.097
883779813_Pg361_02.fsa,Pg361,TNW_02,TNW,331,0.3930786157231446,0.19343868773754752,0.3514702940588118,0.0620124024804961
883779813_Pg361_03.fsa,Pg361,TNW_02,TNW,332,0.3715256948610278,0.29314137172565485,0.27174565086982605,0.0635872825434913
883779813_Pg361_04.fsa,Pg361,TNW_02,TNW,333,0.38520000000000004,0.20660000000000003,0.36379999999999996,0.0444
883779813_Pg361_05.fsa,Pg361,TNW_02,TNW,334,0.36987397479495904,0.25645129025805163,0.36667333466693336,0.007001400280056013
883779813_Pg361_06.fsa,Pg361,TNW_02,TNW,335,0.383,0.221,0.3887999999999999,0.0072
883779813_Pg361_07.fsa,Pg361,TNW_02,TNW,336,0.341868373674735,0.34866973394678935,0.2966593318663733,0.012802560512102422
883779813_Pg361_08.fsa,Pg361,TNW_02,TNW,337,0.35894357743097244,0.30392156862745096,0.3277310924369748,0.009403761504601841
883779813_Pg361_09.fsa,Pg361,TNW_02,TNW,338,0.40140000000000003,0.24459999999999998,0.3358,0.0182
883779813_Pg362_01.fsa,Pg362,TNW_01,TNW,339,0.41108221644328863,0.21644328865773155,0.3642728545709142,0.008201640328065614
883779813_Pg362_02.fsa,Pg362,TNW_01,TNW,340,0.3864454218312675,0.37844862055177925,0.23230707716913238,0.0027988804478208716
883779813_Pg362_03.fsa,Pg362,TNW_01,TNW,341,0.4078368652538985,0.21711315473810475,0.36745301879248293,0.0075969612155137945
883779813_Pg362_04.fsa,Pg362,TNW_01,TNW,342,0.39887977595519103,0.21824364872974594,0.3812762552510502,0.0016003200640128026
883779813_Pg362_05.fsa,Pg362,TNW_01,TNW,343,0.3983203359328134,0.2403519296140772,0.3583283343331333,0.002999400119976005
