sample_id,population,population_label,state,sample_order,cluster_1,cluster_2,cluster_3,cluster_4,cluster_5,cluster_6
883779813_Pg346_01.fsa,Pg346,IN_01,IN,1,0.0012004801920768309,0.004401760704281712,0.7883153261304522,0.0014005602240896359,0.005202080832332934,0.19947979191676668
883779813_Pg346_02.fsa,Pg346,IN_01,IN,2,0.0010006003602161296,0.0022013207924754855,0.7846708024814889,0.0012007204322593559,0.01761056633980388,0.19331598959375623
883779813_Pg346_03.fsa,Pg346,IN_01,IN,3,0.001199760047990402,0.001999600079984003,0.7940411917616477,0.0013997200559888023,0.001999600079984003,0.1993601279744051
883779813_Pg346_04.fsa,Pg346,IN_01,IN,4,0.001200960768614892,0.002201761409127302,0.7936349079263411,0.0018014411529223382,0.001200960768614892,0.1999599679743795
883779813_Pg346_05.fsa,Pg346,IN_01,IN,5,0.0010002000400080016,0.008401680336067216,0.7875575115023004,0.0014002800560112022,0.002000400080016003,0.19963992798559713
883779813_Pg346_06.fsa,Pg346,IN_01,IN,6,0.015606242496998797,0.005602240896358544,0.771108443377351,0.00820328131252501,0.0010004001600640256,0.19847939175670268
883779813_Pg346_07.fsa,Pg346,IN_01,IN,7,0.001,0.0242,0.7636,0.001,0.002,0.2082
883779813_Pg346_08.fsa,Pg346,IN_01,IN,8,0.0010012014417300763,0.024829795754905893,0.7665198237885462,0.0010012014417300763,0.0010012014417300763,0.2056467761313576
883779813_Pg346_09.fsa,Pg346,IN_01,IN,9,0.0012000000000000001,0.0073999999999999995,0.7866,0.0014,0.002,0.20139999999999997
883779813_Pg346_10.fsa,Pg346,IN_01,IN,10,0.001200240048009602,0.0028005601120224045,0.7929585917183437,0.001200240048009602,0.002000400080016003,0.1998399679935987
883779813_Pg346_11.fsa,Pg346,IN_01,IN,11,0.001,0.0048000000000000004,0.7916,0.0012000000000000001,0.002,0.1994
883779813_Pg346_12.fsa,Pg346,IN_01,IN,12,0.001001001001001001,0.0022022022022022024,0.7943943943943944,0.001001001001001001,0.0024024024024024027,0.198998998998999
883779813_Pg346_13.fsa,Pg346,IN_01,IN,13,0.0012002400480096021,0.0038007601520304063,0.7903580716143228,0.001800360072014403,0.0022004400880176037,0.2006401280256051
883779813_Pg346_14.fsa,Pg346,IN_01,IN,14,0.001600640256102441,0.009603841536614647,0.7857142857142857,0.001600640256102441,0.002601040416166467,0.19887955182072828
883779813_Pg346_15.fsa,Pg346,IN_01,IN,15,0.00100080064051241,0.028422738190552445,0.7544035228182546,0.00100080064051241,0.0012009607686148923,0.21397117694155326
883779813_Pg346_16.fsa,Pg346,IN_01,IN,16,0.001601281024819856,0.002401921537229784,0.7934347477982385,0.00100080064051241,0.001200960768614892,0.20036028823058447
883779813_Pg346_17.fsa,Pg346,IN_01,IN,17,0.00100080064051241,0.016613290632506005,0.7748198558847078,0.00100080064051241,0.007405924739791834,0.19915932746196963
883779813_Pg346_18.fsa,Pg346,IN_01,IN,18,0.00100080064051241,0.007205764611689353,0.7730184147317855,0.00100080064051241,0.002201761409127302,0.2155724579663731
883779813_Pg346_19.fsa,Pg346,IN_01,IN,19,0.001,0.0036,0.7932,0.0018000000000000002,0.0022,0.1982
883779813_Pg346_20.fsa,Pg346,IN_01,IN,20,0.001199520191923231,0.0031987205117952823,0.8074770091963215,0.0017992802878848463,0.004198320671731308,0.18212714914034386
883779813_Pg346_21.fsa,Pg346,IN_01,IN,21,0.003999200159968007,0.002999400119976005,0.793241351729654,0.001199760047990402,0.001199760047990402,0.1973605278944211
883779813_Pg346_22.fsa,Pg346,IN_01,IN,22,0.0010006003602161296,0.002201320792475485,0.7964778867320392,0.0018010806483890335,0.0010006003602161296,0.197518511106664
883779813_Pg346_23.fsa,Pg346,IN_01,IN,23,0.0010006003602161296,0.003602161296778067,0.792675605363218,0.0014008405043025817,0.0010006003602161296,0.20032019211526916
883779813_Pg346_24.fsa,Pg346,IN_01,IN,24,0.0010006003602161299,0.002801681008605163,0.7936762057234341,0.001600960576345808,0.0014008405043025817,0.1995197118270963
883779813_Pg347_01.fsa,Pg347,KY_02,KY,25,0.0019988007195682594,0.21127323605836498,0.19628223066160305,0.0037977213671796925,0.0015990405756546075,0.5850489706176295
883779813_Pg347_02.fsa,Pg347,KY_02,KY,26,0.001401120896717374,0.20816653322658124,0.18955164131305047,0.001601281024819856,0.00100080064051241,0.5982786228983187
883779813_Pg347_03.fsa,Pg347,KY_02,KY,27,0.005601120224044809,0.23364672934586914,0.16463292658531709,0.01280256051210242,0.0034006801360272057,0.5799159831966393
883779813_Pg347_11.fsa,Pg347,KY_02,KY,28,0.013802760552110424,0.23704740948189634,0.15963192638527707,0.002000400080016003,0.0028005601120224045,0.5847169433886777
883779813_Pg347_12.fsa,Pg347,KY_02,KY,29,0.016193522590963613,0.19592163134746104,0.2149140343862455,0.0037984806077568977,0.0015993602558976412,0.5675729708116753
883779813_Pg347_17.fsa,Pg347,KY_02,KY,30,0.006405124099279424,0.20376301040832662,0.1969575660528423,0.0020016012810248206,0.0018014411529223382,0.5890712570056045
883779813_Pg347_18.fsa,Pg347,KY_02,KY,31,0.009398120375924815,0.22615476904619078,0.1767646470705859,0.003399320135972806,0.005598880223955208,0.5786842631473705
883779813_Pg347_21.fsa,Pg347,KY_02,KY,32,0.0064,0.1874,0.20099999999999998,0.043,0.004200000000000001,0.558
883779813_Pg347_22.fsa,Pg347,KY_02,KY,33,0.0012007204322593557,0.2517510506303782,0.1498899339603762,0.0020012007204322593,0.004802881729037423,0.5903542125275165
883779813_Pg347_23.fsa,Pg347,KY_02,KY,34,0.00100080064051241,0.25280224179343475,0.15052041633306645,0.00100080064051241,0.001601281024819856,0.5930744595676541
883779813_Pg348_01.fsa,Pg348,EX_01,EX-S,35,0.0024004800960192043,0.2024404880976195,0.19723944788957792,0.003400680136027206,0.0016003200640128028,0.5929185837167434
883779813_Pg348_02.fsa,Pg348,EX_01,EX-S,36,0.0012004801920768309,0.0020008003201280513,0.9905962384953982,0.002200880352140856,0.0018007202881152463,0.0022008803521408565
883779813_Pg348_03.fsa,Pg348,EX_01,EX-S,37,0.0016,0.002,0.9892,0.0026000000000000003,0.0018000000000000002,0.0027999999999999995
883779813_Pg348_04.fsa,Pg348,EX_01,EX-S,38,0.0023995200959808045,0.20055988802239555,0.20395920815836832,0.002599480103979205,0.002199560087982404,0.5882823435312938
883779813_Pg348_05.fsa,Pg348,EX_01,EX-S,39,0.002399040383846462,0.30647740903638543,0.09316273490603759,0.0035985605757696926,0.0015993602558976412,0.5927628948420631
883779813_Pg348_06.fsa,Pg348,EX_01,EX-S,40,0.0014005602240896359,0.20008003201280514,0.20048019207683074,0.0014005602240896359,0.0010004001600640256,0.5956382553021208
883779813_Pg348_07.fsa,Pg348,EX_01,EX-S,41,0.0010002000400080016,0.20004000800160032,0.2024404880976195,0.0014002800560112022,0.0014002800560112022,0.5937187437487498
883779813_Pg348_08.fsa,Pg348,EX_01,EX-S,42,0.0010004001600640256,0.1996798719487795,0.20188075230092034,0.001800720288115246,0.0010004001600640256,0.5946378551420568
883779813_Pg348_09.fsa,Pg348,EX_01,EX-S,43,0.0012004801920768309,0.2226890756302521,0.1826730692276911,0.0014005602240896359,0.0020008003201280513,0.5900360144057624
883779813_Pg348_10.fsa,Pg348,EX_01,EX-S,44,0.00100080064051241,0.20036028823058447,0.200160128102482,0.00100080064051241,0.00100080064051241,0.5964771817453963
883779813_Pg348_11.fsa,Pg348,EX_01,EX-S,45,0.00100080064051241,0.22938350680544434,0.1733386709367494,0.00100080064051241,0.00100080064051241,0.594275420336269
883779813_Pg348_12.fsa,Pg348,EX_01,EX-S,46,0.001,0.20099999999999998,0.1998,0.0018000000000000002,0.001,0.5953999999999999
883779813_Pg348_13.fsa,Pg348,EX_01,EX-S,47,0.0012000000000000001,0.20099999999999998,0.2,0.002,0.001,0.5948
883779813_Pg348_14.fsa,Pg348,EX_01,EX-S,48,0.00100080064051241,0.20736589271417133,0.19715772618094476,0.00100080064051241,0.00100080064051241,0.5924739791833467
883779813_Pg348_15.fsa,Pg348,EX_01,EX-S,49,0.002000400080016003,0.19943988797759551,0.20324064812962592,0.0016003200640128026,0.001800360072014403,0.5919183836767353
883779813_Pg348_16.fsa,Pg348,EX_01,EX-S,50,0.001999200319872051,0.11475409836065575,0.5221911235505797,0.001999200319872051,0.001999200319872051,0.35705717712914836
883779813_Pg348_17.fsa,Pg348,EX_01,EX-S,51,0.001,0.0796,0.8108000000000001,0.001,0.0018000000000000002,0.10579999999999998
883779813_Pg348_18.fsa,Pg348,EX_01,EX-S,52,0.001199760047990402,0.001999600079984003,0.9878024395120975,0.003399320135972806,0.0017996400719856032,0.0037992401519696063
883779813_Pg348_19.fsa,Pg348,EX_01,EX-S,53,0.002,0.11940000000000002,0.5178,0.0024000000000000002,0.0018000000000000002,0.3566
883779813_Pg348_20.fsa,Pg348,EX_01,EX-S,54,0.0010004001600640256,0.002601040416166467,0.9905962384953982,0.001600640256102441,0.0010004001600640256,0.003201280512204882
883779813_Pg348_21.fsa,Pg348,EX_01,EX-S,55,0.0010002000400080016,0.11962392478495698,0.41428285657131425,0.003200640128025605,0.002800560112022404,0.4590918183636727
883779813_Pg348_22.fsa,Pg348,EX_01,EX-S,56,0.001200960768614892,0.20156124899919933,0.20036028823058447,0.001200960768614892,0.001200960768614892,0.5944755804643714
883779813_Pg348_23.fsa,Pg348,EX_01,EX-S,57,0.015803160632126428,0.20144028805761147,0.19323864772954588,0.002000400080016003,0.001200240048009602,0.5863172634526905
883779813_Pg348_24.fsa,Pg348,EX_01,EX-S,58,0.012199999999999999,0.1998,0.18580000000000002,0.008,0.0112,0.583
883779813_Pg349_01.fsa,Pg349,KY_01,KY,59,0.0168,0.20979999999999993,0.0036000000000000003,0.0018000000000000002,0.005,0.763
883779813_Pg349_02.fsa,Pg349,KY_01,KY,60,0.0075969612155137945,0.2039184326269492,0.004598160735705718,0.0021991203518592563,0.0037984806077568972,0.7778888444622152
883779813_Pg349_03.fsa,Pg349,KY_01,KY,61,0.0031987205117952823,0.21671331467413033,0.002798880447820871,0.001999200319872051,0.0017992802878848463,0.7734906037584965
883779813_Pg349_04.fsa,Pg349,KY_01,KY,62,0.0017992802878848463,0.20191923230707715,0.0059976009596161535,0.0017992802878848463,0.0017992802878848463,0.7866853258696522
883779813_Pg349_07.fsa,Pg349,KY_01,KY,63,0.0020008003201280513,0.1992797118847539,0.02040816326530612,0.0020008003201280513,0.001600640256102441,0.7747098839535814
883779813_Pg349_08.fsa,Pg349,KY_01,KY,64,0.0025994801039792037,0.1999600079984003,0.0039992001599680055,0.0019996000799840027,0.0019996000799840027,0.7894421115776844
883779813_Pg349_09.fsa,Pg349,KY_01,KY,65,0.001200240048009602,0.20204040808161633,0.0030006001200240046,0.001200240048009602,0.001800360072014403,0.790758151630326
883779813_Pg349_10.fsa,Pg349,KY_01,KY,66,0.001999600079984003,0.22475504899020193,0.020795840831833633,0.002599480103979204,9.998000399920016e-4,0.7488502299540092
883779813_Pg349_11.fsa,Pg349,KY_01,KY,67,0.0024000000000000002,0.2084,0.0064,0.0024000000000000002,0.002,0.7784000000000001
883779813_Pg349_12.fsa,Pg349,KY_01,KY,68,0.0010006003602161296,0.2013207924754853,0.01040624374624775,0.0016009605763458077,0.0010006003602161296,0.7846708024814889
883779813_Pg349_13.fsa,Pg349,KY_01,KY,69,0.002601040416166467,0.20488195278111246,0.010604241696678672,0.006602641056422569,0.003001200480192077,0.7723089235694277
883779813_Pg349_14.fsa,Pg349,KY_01,KY,70,0.001999600079984003,0.20195960807838428,0.002999400119976005,0.0015996800639872027,9.998000399920016e-4,0.7904419116176764
883779813_Pg349_15.fsa,Pg349,KY_01,KY,71,0.001999600079984003,0.23475304939012195,0.016796640671865627,0.0027994401119776045,0.004799040191961608,0.7388522295540891
883779813_Pg349_16.fsa,Pg349,KY_01,KY,72,0.0012000000000000001,0.1996,0.0092,0.0026000000000000003,0.0018000000000000002,0.7856
883779813_Pg349_17.fsa,Pg349,KY_01,KY,73,0.002,0.1972,0.0172,0.0034000000000000002,0.002,0.7782
883779813_Pg349_18.fsa,Pg349,KY_01,KY,74,0.0021999999999999997,0.20079999999999995,0.0033999999999999994,0.0026000000000000003,0.002,0.789
883779813_Pg349_19.fsa,Pg349,KY_01,KY,75,0.002399040383846462,0.2155137944822071,0.004598160735705718,0.006597361055577769,0.001999200319872051,0.7688924430227909
883779813_Pg349_20.fsa,Pg349,KY_01,KY,76,0.0020012007204322593,0.20272163297978782,0.0040024014408645186,0.0012007204322593559,0.0012007204322593559,0.7888733239943967
883779813_Pg349_21.fsa,Pg349,KY_01,KY,77,0.001999600079984003,0.2017596480703859,0.003399320135972805,0.001999600079984003,0.0017996400719856032,0.7890421915616875
883779813_Pg349_22.fsa,Pg349,KY_01,KY,78,0.012395041983206718,0.2155137944822071,0.004598160735705719,0.001999200319872051,0.0029988004798080768,0.7624950019992003
883779813_Pg349_23.fsa,Pg349,KY_01,KY,79,0.0019992003198720516,0.2031187524990004,0.006797281087564977,9.996001599360258e-4,0.0019992003198720516,0.7850859656137545
883779813_Pg349_24.fsa,Pg349,KY_01,KY,80,0.0024000000000000002,0.1982,0.0116,0.0054,0.0026,0.7798
883779813_Pg350_01.fsa,Pg350,KY_03,KY,81,0.002000400080016003,0.38787757551510305,0.007001400280056013,0.0010002000400080016,0.002800560112022404,0.5993198639727946
883779813_Pg350_02.fsa,Pg350,KY_03,KY,82,0.03900780156031206,0.23564712942588514,0.04180836167233447,0.3660732146429286,0.008801760352070415,0.3086617323464693
883779813_Pg350_03.fsa,Pg350,KY_03,KY,83,0.0011995201919232307,0.3972411035585765,0.0027988804478208708,0.0013994402239104356,0.004198320671731307,0.5931627349060375
883779813_Pg350_04.fsa,Pg350,KY_03,KY,84,0.0010002000400080016,0.397879575915183,0.014002800560112024,0.001800360072014403,0.0026005201040208044,0.5827165433086617
883779813_Pg350_05.fsa,Pg350,KY_03,KY,85,0.0010002000400080016,0.3932786557311462,0.003000600120024005,0.0010002000400080016,0.0016003200640128028,0.600120024004801
883779813_Pg350_06.fsa,Pg350,KY_03,KY,86,0.005201040208041609,0.4042808561712342,0.007401480296059211,0.013002600520104022,0.008801760352070413,0.5613122624524906
883779813_Pg350_07.fsa,Pg350,KY_03,KY,87,0.0018007202881152463,0.40756302521008403,0.0078031212484993995,0.0012004801920768309,0.002601040416166467,0.5790316126450581
883779813_Pg350_08.fsa,Pg350,KY_03,KY,88,0.05620000000000001,0.4274,0.0048000000000000004,0.0021999999999999997,0.0334,0.476
883779813_Pg350_09.fsa,Pg350,KY_03,KY,89,0.0038,0.3964,0.0068000000000000005,0.001,0.004,0.588
883779813_Pg350_10.fsa,Pg350,KY_03,KY,90,0.0021995600879824036,0.389122175564887,0.011397720455908818,0.0021995600879824036,0.002999400119976005,0.5920815836832635
883779813_Pg350_11.fsa,Pg350,KY_03,KY,91,0.0038,0.39459999999999995,0.006,0.0012000000000000001,0.004200000000000001,0.5902
883779813_Pg350_12.fsa,Pg350,KY_03,KY,92,0.003998400639744102,0.40143942423030793,0.018792483006797284,0.001999200319872051,0.00859656137544982,0.5651739304278289
883779813_Pg350_13.fsa,Pg350,KY_03,KY,93,0.003802281368821293,0.4010406243746248,0.004202521512907746,0.0014008405043025817,0.0020012007204322593,0.5875525315189113
883779813_Pg350_14.fsa,Pg350,KY_03,KY,94,0.018792483006797277,0.3908436625349859,0.020191923230707717,0.003798480607756897,0.024990003998400637,0.5413834466213514
883779813_Pg350_15.fsa,Pg350,KY_03,KY,95,0.0031993601279744046,0.3973205358928214,0.042791441711657656,0.0017996400719856027,0.0015996800639872023,0.5532893421315737
883779813_Pg350_16.fsa,Pg350,KY_03,KY,96,0.0040032025620496394,0.39551641313050434,0.0036028823058446755,0.0010008006405124099,0.0010008006405124099,0.5948759007205765
883779813_Pg350_17.fsa,Pg350,KY_03,KY,97,0.001199760047990402,0.3747250549890021,0.01059788042391522,0.001199760047990402,0.001999600079984003,0.6102779444111178
883779813_Pg350_18.fsa,Pg350,KY_03,KY,98,0.00400320256204964,0.0478382706164932,0.9109287429943955,0.006405124099279425,0.009607686148919138,0.021216973578863096
883779813_Pg350_19.fsa,Pg350,KY_03,KY,99,0.0010002000400080018,0.41628325665133026,0.003200640128025606,0.0012002400480096024,0.0010002000400080018,0.5773154630926186
883779813_Pg350_20.fsa,Pg350,KY_03,KY,100,0.0026000000000000003,0.39119999999999994,0.0116,0.0022,0.0024000000000000002,0.5900000000000001
883779813_Pg350_21.fsa,Pg350,KY_03,KY,101,0.001400560224089636,0.49679871948779514,0.0040016006402561035,0.0010004001600640259,0.0010004001600640259,0.4957983193277311
883779813_Pg350_22.fsa,Pg350,KY_03,KY,102,0.0016,0.4218,0.0106,0.0014,0.0027999999999999995,0.5618000000000001
883779813_Pg351_01.fsa,Pg351,KY_04,KY,103,0.0014002800560112022,0.9631926385277055,0.008201640328065614,0.0026005201040208044,0.0010002000400080016,0.02360472094418884
883779813_Pg351_02.fsa,Pg351,KY_04,KY,104,0.005802320928371348,0.9129651860744298,0.006202480992396959,0.044017607042817125,0.019407763105242094,0.011604641856742696
883779813_Pg351_03.fsa,Pg351,KY_04,KY,105,0.002400480096019204,0.9519903980796159,0.0072014402880576115,0.015003000600120022,0.005801160232046408,0.017603520704140826
883779813_Pg351_04.fsa,Pg351,KY_04,KY,106,0.00100080064051241,0.9895916733386709,0.002201761409127302,0.00100080064051241,0.001401120896717374,0.004803843074459568
883779813_Pg351_05.fsa,Pg351,KY_04,KY,107,0.004200840168033606,0.9065813162632527,0.017803560712142428,0.015203040608121624,0.005001000200040008,0.05121024204840968
883779813_Pg351_06.fsa,Pg351,KY_04,KY,108,0.0021995600879824036,0.9632073585282944,0.008598280343931213,0.00679864027194561,0.002799440111977604,0.01639672065586883
883779813_Pg351_07.fsa,Pg351,KY_04,KY,109,0.002399520095980804,0.927014597080584,0.03219356128774246,0.0021995600879824036,0.001999600079984003,0.03419316136772645
883779813_Pg351_08.fsa,Pg351,KY_04,KY,110,9.998000399920016e-4,0.9846030793841231,0.0075984803039392135,0.001999600079984003,0.001199760047990402,0.003599280143971206
883779813_Pg351_09.fsa,Pg351,KY_04,KY,111,0.00100080064051241,0.9599679743795035,0.026220976781425143,0.0012009607686148923,0.0026020816653322663,0.00900720576461169
883779813_Pg351_10.fsa,Pg351,KY_04,KY,112,0.0010004001600640256,0.9869947979191677,0.003001200480192077,0.0014005602240896359,0.0020008003201280513,0.0056022408963585435
883779813_Pg351_11.fsa,Pg351,KY_04,KY,113,0.002000400080016003,0.9307861572314462,0.05001000200040009,0.0014002800560112022,0.0054010802160432084,0.01040208041608322
883779813_Pg351_12.fsa,Pg351,KY_04,KY,114,0.0010002000400080016,0.6297259451890378,0.08061612322464493,0.001800360072014403,0.003000600120024005,0.2838567713542709
883779813_Pg351_13.fsa,Pg351,KY_04,KY,115,0.0048,0.9783999999999999,0.005200000000000001,0.0026000000000000003,0.0048000000000000004,0.0042
883779813_Pg351_14.fsa,Pg351,KY_04,KY,116,0.0038022813688212928,0.9709825895537322,0.003201921152691615,0.003201921152691615,0.010606363818290972,0.008204922953772266
883779813_Pg351_15.fsa,Pg351,KY_04,KY,117,0.0022,0.9401999999999999,0.0162,0.011399999999999999,0.004,0.026000000000000002
883779813_Pg351_16.fsa,Pg351,KY_04,KY,118,0.0028016810086051633,0.9771863117870722,0.0076045627376425855,0.004402641584950969,0.0024014408645187113,0.005603362017210326
883779813_Pg351_17.fsa,Pg351,KY_04,KY,119,0.0020008003201280513,0.9841936774709884,0.005002000800320128,0.0020008003201280513,0.0010004001600640256,0.005802320928371349
883779813_Pg351_18.fsa,Pg351,KY_04,KY,120,0.0022017614091273023,0.9797838270616493,0.00700560448358687,0.001401120896717374,0.00200160128102482,0.007606084867894316
883779813_Pg351_19.fsa,Pg351,KY_04,KY,121,0.001800360072014403,0.9861972394478895,0.004000800160032006,0.002800560112022404,0.0014002800560112022,0.003800760152030406
883779813_Pg351_20.fsa,Pg351,KY_04,KY,122,0.0017992802878848463,0.9838064774090363,0.0029988004798080768,0.001199520191923231,0.0017992802878848463,0.008396641343462614
883779813_Pg351_21.fsa,Pg351,KY_04,KY,123,0.0014,0.9836,0.0026000000000000003,0.0022,0.0026000000000000003,0.0076
883779813_Pg351_22.fsa,Pg351,KY_04,KY,124,0.003200640128025606,0.9753950790158032,0.0044008801760352075,0.004600920184036808,0.003200640128025606,0.009201840368073616
883779813_Pg351_23.fsa,Pg351,KY_04,KY,125,0.0022004400880176037,0.9587917583516703,0.02480496099219844,0.005201040208041608,0.0036007201440288058,0.0054010802160432084
883779813_Pg351_24.fsa,Pg351,KY_04,KY,126,0.001600640256102441,0.977390956382553,0.0034013605442176865,0.0028011204481792717,0.0028011204481792717,0.012004801920768308
883779813_Pg352_01.fsa,Pg352,KY_05,KY,127,0.002199560087982403,0.0037992401519696055,0.9868026394721054,0.0015996800639872023,0.0019996000799840027,0.0035992801439712055
883779813_Pg352_02.fsa,Pg352,KY_05,KY,128,0.0034013605442176874,0.011204481792717085,0.9749899959983993,0.003601440576230492,0.0022008803521408565,0.004601840736294518
883779813_Pg352_03.fsa,Pg352,KY_05,KY,129,0.0014,0.0038000000000000004,0.9842000000000001,0.0024000000000000002,0.0034000000000000002,0.0048000000000000004
883779813_Pg352_04.fsa,Pg352,KY_05,KY,130,0.001999200319872051,0.012594962015193924,0.9742103158736505,0.004798080767692924,0.0017992802878848463,0.004598160735705719
883779813_Pg352_05.fsa,Pg352,KY_05,KY,131,0.003001801080648389,0.04502701620972584,0.8735241144686813,0.0026015609365619375,0.0022013207924754855,0.07364418651190714
883779813_Pg352_06.fsa,Pg352,KY_05,KY,132,0.001999600079984003,0.005198960207958407,0.9842031593681263,0.0013997200559888023,0.0021995600879824036,0.004999000199960008
883779813_Pg352_07.fsa,Pg352,KY_05,KY,133,0.005197920831667334,0.11715313874450221,0.8532586965213914,0.0027988804478208716,0.0017992802878848463,0.01979208316673331
883779813_Pg352_08.fsa,Pg352,KY_05,KY,134,0.012199999999999999,0.007200000000000001,0.9606,0.003,0.0018000000000000002,0.015200000000000002
883779813_Pg352_09.fsa,Pg352,KY_05,KY,135,0.002200880352140856,0.0028011204481792713,0.9823929571828732,0.0034013605442176874,0.003201280512204882,0.006002400960384154
883779813_Pg352_10.fsa,Pg352,KY_05,KY,136,0.002201320792475485,0.0040024014408645186,0.9799879927956774,0.0022013207924754846,0.002601560936561937,0.009005403241945166
883779813_Pg352_11.fsa,Pg352,KY_05,KY,137,0.0021999999999999997,0.0032,0.9612,0.0116,0.0032,0.0186
883779813_Pg352_12.fsa,Pg352,KY_05,KY,138,0.001999600079984003,0.0025994801039792045,0.9854029194161168,0.004399120175964807,0.0021995600879824036,0.003399320135972806
883779813_Pg352_13.fsa,Pg352,KY_05,KY,139,0.001,0.0026000000000000003,0.9904,0.0012000000000000001,0.0022,0.0026000000000000003
883779813_Pg352_14.fsa,Pg352,KY_05,KY,140,0.001200960768614892,0.00200160128102482,0.9909927942353883,0.0026020816653322663,0.00100080064051241,0.002201761409127302
883779813_Pg352_15.fsa,Pg352,KY_05,KY,141,0.0010002000400080016,0.002000400080016003,0.9905981196239249,0.0014002800560112022,0.0022004400880176037,0.002800560112022404
883779813_Pg352_16.fsa,Pg352,KY_05,KY,142,0.0020012007204322593,0.0036021612967780674,0.9793876325795478,0.0026015609365619375,0.00980588353011807,0.0026015609365619375
883779813_Pg352_17.fsa,Pg352,KY_05,KY,143,0.0035985605757696926,0.004798080767692924,0.9614154338264694,0.01999200319872051,0.003998400639744102,0.006197520991603359
883779813_Pg352_18.fsa,Pg352,KY_05,KY,144,0.0021999999999999997,0.0027999999999999995,0.9865999999999999,0.0032,0.0022,0.003
883779813_Pg352_19.fsa,Pg352,KY_05,KY,145,0.0010002000400080016,0.003000600120024005,0.9877975595119024,0.002000400080016003,0.002000400080016003,0.004200840168033608
883779813_Pg352_20.fsa,Pg352,KY_05,KY,146,0.0010004001600640256,0.0048019207683073235,0.9787915166066427,0.0014005602240896359,0.006402561024409764,0.007603041216486596
883779813_Pg352_21.fsa,Pg352,KY_05,KY,147,0.0028005601120224045,0.0034006801360272052,0.9873974794958993,0.0012002400480096021,0.0024004800960192043,0.002800560112022404
883779813_Pg352_22.fsa,Pg352,KY_05,KY,148,0.0010004001600640256,0.0024009603841536617,0.9909963985594238,0.0012004801920768309,0.001800720288115246,0.002601040416166467
883779813_Pg352_23.fsa,Pg352,KY_05,KY,149,0.0010004001600640254,0.0026010404161664665,0.9911964785914366,0.0010004001600640254,0.001800720288115246,0.0024009603841536613
883779813_Pg352_24.fsa,Pg352,KY_05,KY,150,0.001999600079984003,0.002999400119976005,0.984003199360128,0.003999200159968006,0.0021995600879824036,0.004799040191961608
883779813_Pg353_01.fsa,Pg353,EX_02,EX-S,151,0.0010006003602161296,0.10226135681408846,0.03922353412047228,0.0010006003602161296,0.8359015409245547,0.020612367420452273
883779813_Pg353_02.fsa,Pg353,EX_02,EX-S,152,0.0034020412247348407,0.06523914348609165,0.008405043025815488,0.0036021612967780665,0.9091454872923754,0.010206123674204521
883779813_Pg353_03.fsa,Pg353,EX_02,EX-S,153,0.0026005201040208044,0.7253450690138028,0.010602120424084815,0.003400680136027206,0.25405081016203246,0.004000800160032006
883779813_Pg353_04.fsa,Pg353,EX_02,EX-S,154,0.018603720744148827,0.4566913382676535,0.3726745349069814,0.012002400480096018,0.13522704540908181,0.004800960192038407
883779813_Pg353_05.fsa,Pg353,EX_02,EX-S,155,0.014600000000000002,0.8374,0.025,0.0848,0.0254,0.0128
883779813_Pg353_06.fsa,Pg353,EX_02,EX-S,156,0.0029988004798080768,0.32367053178728505,0.004998000799680128,0.003998400639744102,0.6573370651739304,0.006997201119552179
883779813_Pg353_07.fsa,Pg353,EX_02,EX-S,157,0.002,0.002,0.002,0.0022,0.9898,0.002
883779813_Pg353_08.fsa,Pg353,EX_02,EX-S,158,0.022408963585434174,0.8897559023609444,0.003001200480192077,0.004201680672268908,0.07723089235694279,0.0034013605442176874
883779813_Pg353_09.fsa,Pg353,EX_02,EX-S,159,0.022404480896179232,0.9225845169033806,0.002800560112022404,0.008601720344068814,0.04080816163232646,0.0028005601120224045
883779813_Pg353_10.fsa,Pg353,EX_02,EX-S,160,0.01960392078415683,0.5949189837967593,0.002800560112022404,0.011202240448089616,0.3684736947389478,0.0030006001200240046
883779813_Pg353_11.fsa,Pg353,EX_02,EX-S,161,0.0030024019215372294,0.45716573258606885,0.2177742193755004,0.002802241793434747,0.316453162530024,0.002802241793434747
883779813_Pg353_12.fsa,Pg353,EX_02,EX-S,162,0.0029988004798080768,0.47780887644942027,0.005197920831667334,0.0037984806077568972,0.5035985605757698,0.006597361055577769
883779813_Pg353_13.fsa,Pg353,EX_02,EX-S,163,0.002,0.6204,0.0066,0.0024000000000000002,0.3656,0.003
883779813_Pg353_14.fsa,Pg353,EX_02,EX-S,164,0.0019996000799840036,0.13817236552689466,0.010397920415916822,0.002199560087982404,0.8218356328734253,0.025394921015796847
883779813_Pg353_15.fsa,Pg353,EX_02,EX-S,165,0.002800560112022405,0.4476895379075815,0.004000800160032006,0.004800960192038408,0.5381076215243049,0.0026005201040208044
883779813_Pg353_16.fsa,Pg353,EX_02,EX-S,166,0.0018000000000000002,0.9617999999999999,0.0246,0.0022,0.0036,0.006000000000000001
883779813_Pg353_17.fsa,Pg353,EX_02,EX-S,167,0.0020016012810248197,0.4571657325860688,0.003602882305844676,0.0040032025620496394,0.5256204963971177,0.0076060848678943145
883779813_Pg353_18.fsa,Pg353,EX_02,EX-S,168,0.002,0.429,0.0082,0.0028,0.5532,0.0048000000000000004
883779813_Pg353_19.fsa,Pg353,EX_02,EX-S,169,0.001999600079984003,0.001999600079984003,0.3675264947010598,0.001999600079984003,0.6244751049790043,0.001999600079984003
883779813_Pg353_20.fsa,Pg353,EX_02,EX-S,170,0.0020012007204322593,0.04922953772263358,0.04822893736241745,0.0020012007204322593,0.8745247148288974,0.024014408645187113
883779813_Pg353_21.fsa,Pg353,EX_02,EX-S,171,0.0015996800639872027,0.7636472705458909,0.051789642071585686,0.002399520095980804,0.17416516696660667,0.006398720255948811
883779813_Pg353_22.fsa,Pg353,EX_02,EX-S,172,0.020791683326669332,0.45801679328268696,0.3706517393042782,0.014194322271091563,0.12315073970411836,0.013194722111155539
883779813_Pg353_23.fsa,Pg353,EX_02,EX-S,173,0.002000400080016003,0.007801560312062413,0.007601520304060813,0.0024004800960192043,0.9755951190238048,0.004600920184036809
883779813_Pg353_24.fsa,Pg353,EX_02,EX-S,174,0.0112,0.012,0.6242000000000001,0.0048000000000000004,0.3428,0.005
883779813_Pg354_01.fsa,Pg354,KY_06,KY,175,0.0017992802878848463,0.8412634946021592,0.01439424230307877,0.0027988804478208716,0.002598960415833667,0.13714514194322272
883779813_Pg354_02.fsa,Pg354,KY_06,KY,176,0.003797721367179693,0.7377573455926444,0.02198680791525085,0.0025984409354387374,0.019388366979812114,0.2144713172096742
883779813_Pg354_10.fsa,Pg354,KY_06,KY,177,0.001999600079984003,0.8018396320735852,0.02519496100779844,0.001999600079984003,0.0031993601279744054,0.16576684663067387
883779813_Pg354_11.fsa,Pg354,KY_06,KY,178,0.002000400080016003,0.6911382276455291,0.10402080416083218,0.0010002000400080016,0.0010002000400080016,0.20084016803360671
883779813_Pg354_12.fsa,Pg354,KY_06,KY,179,0.0012002400480096024,0.7615523104620924,0.0030006001200240055,0.0010002000400080018,0.002800560112022405,0.2304460892178436
883779813_Pg354_13.fsa,Pg354,KY_06,KY,180,0.0028011204481792713,0.8023209283713485,0.011804721888755502,0.003601440576230492,0.003801520608243298,0.17567026810724293
883779813_Pg354_14.fsa,Pg354,KY_06,KY,181,0.001999600079984003,0.4721055788842232,0.02499500099980004,0.002199560087982403,0.0015996800639872027,0.4971005798840232
883779813_Pg354_15.fsa,Pg354,KY_06,KY,182,0.0014002800560112022,0.8261652330466093,0.014002800560112024,0.0016003200640128026,0.002400480096019204,0.1544308861772355
883779813_Pg354_22.fsa,Pg354,KY_06,KY,183,0.011606964178507102,0.8965379227536522,0.006203722233340003,0.0016009605763458072,0.0012007204322593554,0.08284970982589554
883779813_Pg354_23.fsa,Pg354,KY_06,KY,184,0.0030006001200240046,0.8669733946789357,0.0028005601120224036,0.001400280056011202,0.002000400080016003,0.12382476495299058
883779813_Pg354_24.fsa,Pg354,KY_06,KY,185,0.0012002400480096021,0.8425685137027406,0.015603120624124826,0.0016003200640128028,0.009201840368073616,0.12982596519303863
883779813_Pg355_01.fsa,Pg355,EX_03,EX-S,186,0.0020020020020020024,0.0010010010010010012,0.0010010010010010012,0.0020020020020020024,0.9927927927927928,0.0012012012012012014
883779813_Pg355_02.fsa,Pg355,EX_03,EX-S,187,0.001999600079984003,0.001199760047990402,0.0021995600879824036,0.0035992801439712063,0.9892021595680864,0.0017996400719856032
883779813_Pg355_03.fsa,Pg355,EX_03,EX-S,188,0.001999200319872051,0.004998000799680128,0.004798080767692924,0.0017992802878848463,0.9828068772491002,0.003598560575769692
883779813_Pg355_04.fsa,Pg355,EX_03,EX-S,189,0.0015993602558976412,0.5699720111955219,0.00899640143942423,0.0015993602558976412,0.41403438624550176,0.0037984806077568977
883779813_Pg355_05.fsa,Pg355,EX_03,EX-S,190,0.024204840968193638,0.03680736147229446,0.3490698139627925,0.0030006001200240046,0.5349069813962792,0.05201040208041608
883779813_Pg355_06.fsa,Pg355,EX_03,EX-S,191,0.002,0.0027999999999999995,0.0092,0.0018000000000000002,0.9812,0.003
883779813_Pg355_07.fsa,Pg355,EX_03,EX-S,192,0.0020012007204322593,0.004202521512907746,0.008805283169901942,0.0018010806483890337,0.9797878727236342,0.003402041224734841
883779813_Pg355_08.fsa,Pg355,EX_03,EX-S,193,0.0312,0.8640000000000001,0.0134,0.004399999999999999,0.08379999999999999,0.0032
883779813_Pg355_09.fsa,Pg355,EX_03,EX-S,194,0.002000400080016003,0.002000400080016003,0.0022004400880176037,0.0022004400880176033,0.98999799959992,0.0016003200640128026
883779813_Pg355_10.fsa,Pg355,EX_03,EX-S,195,0.002000400080016003,0.002000400080016003,0.0022004400880176037,0.0022004400880176033,0.98999799959992,0.0016003200640128026
883779813_Pg355_11.fsa,Pg355,EX_03,EX-S,196,0.0026,0.002,0.0027999999999999995,0.0018000000000000002,0.9890000000000001,0.0018000000000000002
883779813_Pg355_12.fsa,Pg355,EX_03,EX-S,197,0.0019984012789768186,0.0019984012789768186,0.0029976019184652283,0.0019984012789768186,0.9890087929656276,0.0019984012789768186
883779813_Pg355_13.fsa,Pg355,EX_03,EX-S,198,0.002399040383846462,0.007796881247500999,0.01259496201519392,0.0039984006397441015,0.9674130347860855,0.005797680927628948
883779813_Pg355_14.fsa,Pg355,EX_03,EX-S,199,0.002,0.002,0.002,0.002,0.99,0.002
883779813_Pg355_15.fsa,Pg355,EX_03,EX-S,200,0.007401480296059213,0.01240248049609922,0.005601120224044808,0.008801760352070415,0.9555911182236447,0.010202040408081616
883779813_Pg355_16.fsa,Pg355,EX_03,EX-S,201,0.0024009603841536617,0.9621848739495797,0.005602240896358544,0.0022008803521408565,0.01980792316926771,0.0078031212484993995
883779813_Pg355_17.fsa,Pg355,EX_03,EX-S,202,0.0022004400880176033,0.0020004000800160028,0.0028005601120224036,0.002400480096019204,0.9891978395679135,0.001400280056011202
883779813_Pg355_18.fsa,Pg355,EX_03,EX-S,203,0.002000400080016003,0.0016003200640128026,0.001200240048009602,0.001800360072014403,0.9921984396879375,0.001200240048009602
883779813_Pg355_19.fsa,Pg355,EX_03,EX-S,204,0.0020012007204322593,0.0010006003602161296,0.0010006003602161296,0.0022013207924754855,0.9925955573344006,0.0012007204322593559
883779813_Pg355_20.fsa,Pg355,EX_03,EX-S,205,0.001999600079984003,0.010597880423915216,0.00599880023995201,0.0017996400719856032,0.9760047990401921,0.0035992801439712063
883779813_Pg355_21.fsa,Pg355,EX_03,EX-S,206,0.002,0.9872,0.0024000000000000002,0.002,0.0024000000000000002,0.004
883779813_Pg355_22.fsa,Pg355,EX_03,EX-S,207,0.008405043025815491,0.9717830698419051,0.0024014408645187117,0.005803482089253553,0.0014008405043025817,0.01020612367420452
883779813_Pg355_23.fsa,Pg355,EX_03,EX-S,208,0.001800720288115246,0.0010004001600640256,0.0010004001600640256,0.0020008003201280513,0.9929971988795518,0.0012004801920768309
883779813_Pg355_24.fsa,Pg355,EX_03,EX-S,209,0.00200160128102482,0.00100080064051241,0.00100080064051241,0.00200160128102482,0.9927942353883107,0.001200960768614892
883779813_Pg356_01.fsa,Pg356,TNE_02,TNE,210,0.9882,0.0012000000000000001,0.0022,0.002,0.0042,0.0022
883779813_Pg356_02.fsa,Pg356,TNE_02,TNE,211,0.9905943566139684,0.0012007204322593559,0.0010006003602161296,0.0032019211526916154,0.0024014408645187117,0.0016009605763458077
883779813_Pg356_03.fsa,Pg356,TNE_02,TNE,212,0.9893957583033213,0.0016006402561024409,0.0010004001600640254,0.002801120448179271,0.002801120448179271,0.0024009603841536613
883779813_Pg356_04.fsa,Pg356,TNE_02,TNE,213,0.9862055177928828,0.0015993602558976412,0.001999200319872051,0.002399040383846462,0.005397840863654539,0.002399040383846462
883779813_Pg356_05.fsa,Pg356,TNE_02,TNE,214,0.9805999999999999,0.0014,0.0044,0.005600000000000001,0.003,0.005
883779813_Pg356_06.fsa,Pg356,TNE_02,TNE,215,0.9854058376649341,0.002399040383846462,0.0015993602558976412,0.0037984806077568977,0.003998400639744102,0.002798880447820872
883779813_Pg356_07.fsa,Pg356,TNE_02,TNE,216,0.9867999999999999,0.0016,0.0018000000000000002,0.0024000000000000002,0.005,0.0024000000000000002
883779813_Pg356_08.fsa,Pg356,TNE_02,TNE,217,0.8887332399439664,0.0010006003602161296,0.0018010806483890337,0.07624574744846907,0.0024014408645187117,0.029817890734440664
883779813_Pg356_09.fsa,Pg356,TNE_02,TNE,218,0.9882,0.002,0.0024000000000000002,0.0026,0.0027999999999999995,0.002
883779813_Pg356_10.fsa,Pg356,TNE_02,TNE,219,0.9841746794871794,0.001201923076923077,0.004206730769230769,0.005008012820512819,0.003004807692307692,0.0024038461538461544
883779813_Pg356_11.fsa,Pg356,TNE_02,TNE,220,0.9904019196160768,0.0013997200559888023,0.002999400119976005,0.0015996800639872027,0.0015996800639872027,0.001999600079984003
883779813_Pg356_12.fsa,Pg356,TNE_02,TNE,221,0.989204318272691,0.0021991203518592567,0.001999200319872051,0.001999200319872051,0.002399040383846462,0.0021991203518592567
883779813_Pg356_13.fsa,Pg356,TNE_02,TNE,222,0.9927913496195435,0.001001201441730076,0.001001201441730076,0.002002402883460152,0.002002402883460152,0.0012014417300760913
883779813_Pg356_14.fsa,Pg356,TNE_02,TNE,223,0.9923939151321056,0.0014011208967173738,0.0014011208967173738,0.0020016012810248197,0.0012009607686148918,0.0016012810248198558
883779813_Pg356_15.fsa,Pg356,TNE_02,TNE,224,0.9887977595519104,0.0018003600720144029,0.0020004000800160028,0.002800560112022404,0.0030006001200240046,0.0016003200640128023
883779813_Pg356_16.fsa,Pg356,TNE_02,TNE,225,0.8783999999999998,0.0184,0.02,0.048,0.0176,0.017600000000000005
883779813_Pg356_17.fsa,Pg356,TNE_02,TNE,226,0.9843999999999999,0.001,0.009800000000000001,0.002,0.0016,0.0012000000000000001
883779813_Pg356_18.fsa,Pg356,TNE_02,TNE,227,0.9836065573770492,0.002399040383846462,0.0021991203518592563,0.0031987205117952823,0.0059976009596161535,0.002598960415833667
883779813_Pg356_19.fsa,Pg356,TNE_02,TNE,228,0.9891935161096658,0.0010006003602161296,0.0012007204322593559,0.004202521512907745,0.0024014408645187117,0.0020012007204322593
883779813_Pg356_20.fsa,Pg356,TNE_02,TNE,229,0.9710231814548362,0.0019984012789768186,0.0019984012789768186,0.01738609112709832,0.0023980815347721825,0.005195843325339729
883779813_Pg356_21.fsa,Pg356,TNE_02,TNE,230,0.984003199360128,0.001999600079984003,0.002399520095980804,0.0065986802639472104,0.002999400119976005,0.0019996000799840036
883779813_Pg356_22.fsa,Pg356,TNE_02,TNE,231,0.9534279432340595,0.0033979612232660408,0.008195082950229861,0.02538476913851689,0.0033979612232660408,0.006196282230661605
883779813_Pg356_23.fsa,Pg356,TNE_02,TNE,232,0.9872051179528188,0.001999200319872051,0.001999200319872051,0.004398240703718513,0.001999200319872051,0.002399040383846462
883779813_Pg356_24.fsa,Pg356,TNE_02,TNE,233,0.9906056366180291,0.0011992804317409555,0.0021986807915250852,0.0019988007195682594,0.0019988007195682594,0.0019988007195682594
883779813_Pg357_01.fsa,Pg357,TNE_01,TNE,234,0.3989595838335334,0.0018007202881152463,0.0012004801920768309,0.5902360944377751,0.005402160864345739,0.0024009603841536617
883779813_Pg357_02.fsa,Pg357,TNE_01,TNE,235,0.4003601440576231,0.0010004001600640256,0.0010004001600640256,0.5942376950780313,0.0024009603841536617,0.0010004001600640256
883779813_Pg357_03.fsa,Pg357,TNE_01,TNE,236,0.391156462585034,0.0020008003201280513,0.0028011204481792717,0.5992396958783512,0.0020008003201280513,0.002801120448179272
883779813_Pg357_04.fsa,Pg357,TNE_01,TNE,237,0.3977977977977978,0.001001001001001001,0.001001001001001001,0.5977977977977978,0.0014014014014014013,0.001001001001001001
883779813_Pg357_05.fsa,Pg357,TNE_01,TNE,238,0.3967587034813925,0.0012004801920768309,0.0010004001600640256,0.5980392156862745,0.0010004001600640256,0.0020008003201280513
883779813_Pg357_06.fsa,Pg357,TNE_01,TNE,239,0.39647929585917185,0.0010002000400080016,0.0014002800560112022,0.5975195039007801,0.002000400080016003,0.0016003200640128028
883779813_Pg357_07.fsa,Pg357,TNE_01,TNE,240,0.396641343462615,0.001199520191923231,0.0013994402239104358,0.5971611355457818,0.001999200319872051,0.0015993602558976412
883779813_Pg357_08.fsa,Pg357,TNE_01,TNE,241,0.05042016806722689,0.8085234093637454,0.012404961984793917,0.013405362144857942,0.010804321728691477,0.10444177671068429
883779813_Pg357_09.fsa,Pg357,TNE_01,TNE,242,0.3973178542834267,0.001401120896717374,0.001200960768614892,0.5972778222578062,0.00100080064051241,0.0018014411529223382
883779813_Pg357_10.fsa,Pg357,TNE_01,TNE,243,0.3985188150520417,0.00100080064051241,0.00100080064051241,0.5962770216172938,0.0018014411529223382,0.001401120896717374
883779813_Pg357_11.fsa,Pg357,TNE_01,TNE,244,0.39771817453963176,0.00100080064051241,0.00100080064051241,0.5974779823859088,0.001601281024819856,0.001200960768614892
883779813_Pg357_12.fsa,Pg357,TNE_01,TNE,245,0.3989191353082466,0.00100080064051241,0.001401120896717374,0.5950760608486789,0.002401921537229784,0.001200960768614892
883779813_Pg357_13.fsa,Pg357,TNE_01,TNE,246,0.3953162530024019,0.0014011208967173738,0.0014011208967173738,0.5980784627702161,0.0024019215372297837,0.0014011208967173738
883779813_Pg357_14.fsa,Pg357,TNE_01,TNE,247,0.3977591036414566,0.0014005602240896359,0.0010004001600640256,0.5972388955582233,0.0012004801920768309,0.0014005602240896359
883779813_Pg357_15.fsa,Pg357,TNE_01,TNE,248,0.4044382247101159,0.0035985605757696926,0.0019992003198720516,0.5851659336265493,0.0025989604158336665,0.0021991203518592567
883779813_Pg357_16.fsa,Pg357,TNE_01,TNE,249,0.3983983983983984,0.001001001001001001,0.0012012012012012014,0.5967967967967968,0.0014014014014014013,0.0012012012012012014
883779813_Pg357_17.fsa,Pg357,TNE_01,TNE,250,0.3988797759551911,0.0032006401280256056,0.003000600120024005,0.5889177835567113,0.003600720144028806,0.0024004800960192043
883779813_Pg357_18.fsa,Pg357,TNE_01,TNE,251,0.39699999999999996,0.0016,0.0012000000000000001,0.5963999999999998,0.0018000000000000002,0.002
883779813_Pg357_19.fsa,Pg357,TNE_01,TNE,252,0.39791833466773424,0.0012009607686148923,0.00100080064051241,0.5960768614891914,0.0022017614091273023,0.0016012810248198562
883779813_Pg357_20.fsa,Pg357,TNE_01,TNE,253,0.39740000000000003,0.0014,0.001,0.5968,0.0018000000000000002,0.0016
