sample_id,population,population_label,state,sample_order,cluster_1,cluster_2,cluster_3,cluster_4,cluster_5
883779813_Pg346_01.fsa,Pg346,IN_01,IN,1,0.006797281087564975,0.0031987205117952823,0.20151939224310272,0.0013994402239104358,0.7870851659336267
883779813_Pg346_02.fsa,Pg346,IN_01,IN,2,0.02981192476990796,0.0024009603841536617,0.2006802721088435,0.0010004001600640256,0.7661064425770309
883779813_Pg346_03.fsa,Pg346,IN_01,IN,3,0.0021999999999999997,0.0021999999999999997,0.20099999999999998,0.0014,0.7931999999999999
883779813_Pg346_04.fsa,Pg346,IN_01,IN,4,0.001999200319872051,0.0021991203518592567,0.20011995201919233,0.0015993602558976412,0.7940823670531788
883779813_Pg346_05.fsa,Pg346,IN_01,IN,5,0.0020008003201280513,0.003201280512204882,0.20588235294117646,0.0012004801920768309,0.7877150860344138
883779813_Pg346_06.fsa,Pg346,IN_01,IN,6,0.0010004001600640256,0.006202480992396959,0.19647859143657462,0.020008003201280513,0.7763105242096838
883779813_Pg346_07.fsa,Pg346,IN_01,IN,7,0.001999200319872051,0.008396641343462614,0.1977209116353459,9.996001599360256e-4,0.7908836465413835
883779813_Pg346_08.fsa,Pg346,IN_01,IN,8,0.0010006003602161296,0.016009605763458074,0.18631178707224333,0.0010006003602161296,0.7956774064438663
883779813_Pg346_09.fsa,Pg346,IN_01,IN,9,0.002000400080016003,0.003400680136027206,0.19943988797759554,0.0010002000400080016,0.7941588317663533
883779813_Pg346_10.fsa,Pg346,IN_01,IN,10,0.002,0.002,0.2008,0.002,0.7932
883779813_Pg346_11.fsa,Pg346,IN_01,IN,11,0.002000400080016003,0.0038007601520304063,0.20264052810562108,0.0010002000400080016,0.7905581116223245
883779813_Pg346_12.fsa,Pg346,IN_01,IN,12,0.003200640128025605,0.002400480096019204,0.2010402080416083,0.0010002000400080016,0.7923584716943388
883779813_Pg346_13.fsa,Pg346,IN_01,IN,13,0.0026000000000000003,0.003,0.1996,0.0018000000000000002,0.7929999999999999
883779813_Pg346_14.fsa,Pg346,IN_01,IN,14,0.0036,0.0054,0.20539999999999997,0.0018000000000000002,0.7838
883779813_Pg346_15.fsa,Pg346,IN_01,IN,15,0.0014008405043025814,0.0070042025215129085,0.20232139283570139,0.0010006003602161296,0.7882729637782669
883779813_Pg346_16.fsa,Pg346,IN_01,IN,16,0.001600640256102441,0.0020008003201280513,0.1998799519807923,0.0012004801920768309,0.7953181272509003
883779813_Pg346_17.fsa,Pg346,IN_01,IN,17,0.007603041216486594,0.0038015206082432974,0.19947979191676668,0.0010004001600640256,0.7881152460984394
883779813_Pg346_18.fsa,Pg346,IN_01,IN,18,0.0024000000000000002,0.0046,0.2062,0.001,0.7857999999999999
883779813_Pg346_19.fsa,Pg346,IN_01,IN,19,0.0026005201040208044,0.0034006801360272057,0.20164032806561305,0.001200240048009602,0.7911582316463293
883779813_Pg346_20.fsa,Pg346,IN_01,IN,20,0.013202640528105622,0.004200840168033607,0.21944388877775553,0.0016003200640128028,0.7615523104620925
883779813_Pg346_21.fsa,Pg346,IN_01,IN,21,0.0016003200640128028,0.0024004800960192043,0.2028405681136227,0.005001000200040008,0.7881576315263052
883779813_Pg346_22.fsa,Pg346,IN_01,IN,22,0.0018000000000000002,0.0032,0.20399999999999996,0.0012000000000000001,0.7898
883779813_Pg346_23.fsa,Pg346,IN_01,IN,23,0.0010002000400080016,0.002800560112022404,0.20084016803360666,0.0010002000400080016,0.7943588717743548
883779813_Pg346_24.fsa,Pg346,IN_01,IN,24,0.0017996400719856032,0.002399520095980804,0.20195960807838428,0.0015996800639872027,0.792241551689662
883779813_Pg347_01.fsa,Pg347,KY_02,KY,25,0.0017996400719856032,0.20215956808638272,0.20235952809438112,0.001999600079984003,0.5916816636672666
883779813_Pg347_02.fsa,Pg347,KY_02,KY,26,0.0010002000400080016,0.20584116823364673,0.20004000800160035,0.002000400080016003,0.591118223644729
883779813_Pg347_03.fsa,Pg347,KY_02,KY,27,0.003801520608243298,0.20568227290916363,0.21748699479791916,0.014205682272909165,0.5588235294117647
883779813_Pg347_11.fsa,Pg347,KY_02,KY,28,0.0022004400880176033,0.19863972794558912,0.20404080816163234,0.005201040208041609,0.5899179835967193
883779813_Pg347_12.fsa,Pg347,KY_02,KY,29,0.0015990405756546075,0.19928043174095544,0.19708175094943034,0.02198680791525085,0.5800519688187088
883779813_Pg347_17.fsa,Pg347,KY_02,KY,30,0.0017992802878848463,0.19932027189124352,0.2029188324670132,0.0037984806077568972,0.5921631347461015
883779813_Pg347_18.fsa,Pg347,KY_02,KY,31,0.004600920184036807,0.20044008801760352,0.21664332866573313,0.011602320464092819,0.5667133426685337
883779813_Pg347_21.fsa,Pg347,KY_02,KY,32,0.007598480303939213,0.22535492901419715,0.19316136772645473,0.020195960807838434,0.5536892621475705
883779813_Pg347_22.fsa,Pg347,KY_02,KY,33,0.004401760704281712,0.2002801120448179,0.23189275710284113,0.0014005602240896359,0.5620248099239696
883779813_Pg347_23.fsa,Pg347,KY_02,KY,34,0.0016003200640128026,0.2006401280256051,0.22284456891378276,0.0010002000400080016,0.5739147829565913
883779813_Pg348_01.fsa,Pg348,EX_01,EX-S,35,0.0014,0.20059999999999997,0.2012,0.003,0.5937999999999999
883779813_Pg348_02.fsa,Pg348,EX_01,EX-S,36,0.002,0.1998,0.5958,0.0016,0.2008
883779813_Pg348_03.fsa,Pg348,EX_01,EX-S,37,0.0022,0.2,0.5958,0.002,0.2
883779813_Pg348_04.fsa,Pg348,EX_01,EX-S,38,0.002400480096019204,0.1998399679935987,0.20244048809761953,0.0022004400880176037,0.5931186237247449
883779813_Pg348_05.fsa,Pg348,EX_01,EX-S,39,0.001999200319872051,0.2029188324670132,0.20471811275489807,0.0029988004798080768,0.5873650539784085
883779813_Pg348_06.fsa,Pg348,EX_01,EX-S,40,0.001,0.2,0.2016,0.002,0.5953999999999999
883779813_Pg348_07.fsa,Pg348,EX_01,EX-S,41,0.0016,0.1994,0.202,0.001,0.596
883779813_Pg348_08.fsa,Pg348,EX_01,EX-S,42,0.0010004001600640259,0.20208083233293322,0.2026810724289716,0.001200480192076831,0.5930372148859544
883779813_Pg348_09.fsa,Pg348,EX_01,EX-S,43,0.0020008003201280513,0.1994797919167667,0.20788315326130452,0.0014005602240896359,0.589235694277711
883779813_Pg348_10.fsa,Pg348,EX_01,EX-S,44,0.001001001001001001,0.2,0.20100100100100096,0.001001001001001001,0.596996996996997
883779813_Pg348_11.fsa,Pg348,EX_01,EX-S,45,0.0010002000400080018,0.19983996799359877,0.20484096819363873,0.0014002800560112025,0.5929185837167433
883779813_Pg348_12.fsa,Pg348,EX_01,EX-S,46,0.0010006003602161296,0.20112067240344206,0.20192115269161495,0.0010006003602161296,0.5949569741845108
883779813_Pg348_13.fsa,Pg348,EX_01,EX-S,47,0.0010004001600640256,0.2010804321728691,0.20208083233293317,0.0014005602240896359,0.594437775110044
883779813_Pg348_14.fsa,Pg348,EX_01,EX-S,48,0.001600640256102441,0.1986794717887155,0.20728291316526612,0.0012004801920768309,0.5912364945978391
883779813_Pg348_15.fsa,Pg348,EX_01,EX-S,49,0.001999200319872051,0.19932027189124352,0.2019192323070772,0.001999200319872051,0.5947620951619352
883779813_Pg348_16.fsa,Pg348,EX_01,EX-S,50,0.0021986807915250852,0.17969218468918652,0.3935638616829903,0.0019988007195682594,0.42254647211672997
883779813_Pg348_17.fsa,Pg348,EX_01,EX-S,51,0.002000400080016003,0.1616323264652931,0.4868973794758952,0.0010002000400080016,0.3484696939387878
883779813_Pg348_18.fsa,Pg348,EX_01,EX-S,52,0.0020000000000000005,0.2016,0.5946,0.0018000000000000002,0.2
883779813_Pg348_19.fsa,Pg348,EX_01,EX-S,53,0.001999200319872051,0.2141143542582967,0.40243902439024387,0.001999200319872051,0.37944822071171536
883779813_Pg348_20.fsa,Pg348,EX_01,EX-S,54,0.001401120896717374,0.1999599679743795,0.5970776621297038,0.00100080064051241,0.20056044835868694
883779813_Pg348_21.fsa,Pg348,EX_01,EX-S,55,0.003399320135972805,0.14737052589482103,0.3505298940211957,0.0017996400719856027,0.49690061987602474
883779813_Pg348_22.fsa,Pg348,EX_01,EX-S,56,0.0013997200559888023,0.19976004799040192,0.2025594881023795,0.0015996800639872027,0.5946810637872426
883779813_Pg348_23.fsa,Pg348,EX_01,EX-S,57,0.0014002800560112022,0.19783956791358273,0.2006401280256051,0.01700340068013603,0.583116623324665
883779813_Pg348_24.fsa,Pg348,EX_01,EX-S,58,0.009005403241945167,0.20192115269161495,0.19851911146688014,0.009205523313988393,0.5813488092855713
883779813_Pg349_01.fsa,Pg349,KY_01,KY,59,0.004999000199960007,0.19916016796640668,0.0661867626474705,0.035192961407718444,0.6944611077784443
883779813_Pg349_02.fsa,Pg349,KY_01,KY,60,0.004998000799680128,0.19812075169932028,0.006197520991603359,0.00699720111955218,0.7836865253898442
883779813_Pg349_03.fsa,Pg349,KY_01,KY,61,0.001800360072014403,0.2036407281456291,0.03200640128025605,0.003200640128025605,0.7593518703740748
883779813_Pg349_04.fsa,Pg349,KY_01,KY,62,0.0017992802878848463,0.20171931227508996,0.008796481407437025,0.0017992802878848463,0.7858856457417033
883779813_Pg349_07.fsa,Pg349,KY_01,KY,63,0.001798561151079137,0.1996402877697842,0.003996802557953637,0.0019984012789768186,0.7925659472422063
883779813_Pg349_08.fsa,Pg349,KY_01,KY,64,0.0024000000000000002,0.20059999999999997,0.0044,0.0024000000000000002,0.7902
883779813_Pg349_09.fsa,Pg349,KY_01,KY,65,0.001600960576345808,0.20072043225935562,0.0062037222333400045,0.0010006003602161299,0.7904742845707425
883779813_Pg349_10.fsa,Pg349,KY_01,KY,66,0.0012004801920768309,0.20048019207683074,0.028611444577831137,0.0020008003201280513,0.7677070828331333
883779813_Pg349_11.fsa,Pg349,KY_01,KY,67,0.002000400080016003,0.20624124824964993,0.046609321864372874,0.002400480096019204,0.742748549709942
883779813_Pg349_12.fsa,Pg349,KY_01,KY,68,0.0012004801920768309,0.19867947178871548,0.005802320928371349,0.0010004001600640256,0.7933173269307723
883779813_Pg349_13.fsa,Pg349,KY_01,KY,69,0.0032006401280256056,0.2028405681136227,0.00600120024004801,0.003000600120024005,0.7849569913982797
883779813_Pg349_14.fsa,Pg349,KY_01,KY,70,0.0014002800560112022,0.2006401280256051,0.005201040208041609,0.001800360072014403,0.7909581916383277
883779813_Pg349_15.fsa,Pg349,KY_01,KY,71,0.00520104020804161,0.20044008801760355,0.014202840568113623,0.0024004800960192043,0.7777555511102221
883779813_Pg349_16.fsa,Pg349,KY_01,KY,72,0.003797721367179692,0.19228462922246647,0.010593643813711773,0.001998800719568259,0.7913252048770737
883779813_Pg349_17.fsa,Pg349,KY_01,KY,73,0.0022,0.20199999999999996,0.0066,0.002,0.7872000000000001
883779813_Pg349_18.fsa,Pg349,KY_01,KY,74,0.0024004800960192047,0.20224044808961789,0.01080216043208642,0.0024004800960192047,0.7821564312862573
883779813_Pg349_19.fsa,Pg349,KY_01,KY,75,0.001999600079984003,0.21675664867026592,0.09558088382323536,0.0031993601279744054,0.6824635072985404
883779813_Pg349_20.fsa,Pg349,KY_01,KY,76,0.002,0.20099999999999998,0.0056,0.002,0.7894
883779813_Pg349_21.fsa,Pg349,KY_01,KY,77,0.0018000000000000002,0.20079999999999995,0.0054,0.002,0.7899999999999999
883779813_Pg349_22.fsa,Pg349,KY_01,KY,78,0.0037984806077568972,0.19952019192323073,0.01819272291083567,0.013194722111155539,0.7652938824470211
883779813_Pg349_23.fsa,Pg349,KY_01,KY,79,0.0017996400719856032,0.19976004799040192,0.006798640271945612,0.0017996400719856032,0.7898420315936813
883779813_Pg349_24.fsa,Pg349,KY_01,KY,80,0.003600720144028806,0.20604120824164832,0.009201840368073616,0.0032006401280256056,0.7779555911182237
883779813_Pg350_01.fsa,Pg350,KY_03,KY,81,0.0021995600879824036,0.1845630873825235,0.39072185562887424,0.001999600079984003,0.42051589682063584
883779813_Pg350_02.fsa,Pg350,KY_03,KY,82,0.010195921631347462,0.410435825669732,0.16913234706117555,0.08076769292283088,0.32946821271491405
883779813_Pg350_03.fsa,Pg350,KY_03,KY,83,0.004200840168033608,0.19943988797759554,0.3980796159231847,0.0014002800560112022,0.396879375875175
883779813_Pg350_04.fsa,Pg350,KY_03,KY,84,0.0022,0.19619999999999999,0.38339999999999996,0.0012000000000000001,0.417
883779813_Pg350_05.fsa,Pg350,KY_03,KY,85,0.0016003200640128026,0.2106421284256851,0.373874774954991,0.001200240048009602,0.4126825365073014
883779813_Pg350_06.fsa,Pg350,KY_03,KY,86,0.004799040191961607,0.2009598080383923,0.3983203359328134,0.003399320135972806,0.3925214957008598
883779813_Pg350_07.fsa,Pg350,KY_03,KY,87,0.0024004800960192043,0.19723944788957792,0.3950790158031606,0.001800360072014403,0.4034806961392279
883779813_Pg350_08.fsa,Pg350,KY_03,KY,88,0.02259548090381924,0.19296140771845632,0.38892221555688866,0.03459308138372325,0.3609278144371126
883779813_Pg350_09.fsa,Pg350,KY_03,KY,89,0.0033999999999999994,0.197,0.398,0.0036000000000000003,0.39799999999999996
883779813_Pg350_10.fsa,Pg350,KY_03,KY,90,0.0031987205117952823,0.19932027189124352,0.37924830067972815,0.002598960415833667,0.4156337465013994
883779813_Pg350_11.fsa,Pg350,KY_03,KY,91,0.003999200159968006,0.19876024795040992,0.39092181563687267,0.004199160167966408,0.402119576084783
883779813_Pg350_12.fsa,Pg350,KY_03,KY,92,0.0062,0.1964,0.39859999999999995,0.0034000000000000002,0.3954
883779813_Pg350_13.fsa,Pg350,KY_03,KY,93,0.002000400080016003,0.19903980796159235,0.40228045609121826,0.003000600120024005,0.3936787357471494
883779813_Pg350_14.fsa,Pg350,KY_03,KY,94,0.016409845907544532,0.1953171903141885,0.4004402641584951,0.0162097258355013,0.37162297378427056
883779813_Pg350_15.fsa,Pg350,KY_03,KY,95,0.001999200319872051,0.18972411035585768,0.4492203118752499,0.002399040383846462,0.3566573370651739
883779813_Pg350_16.fsa,Pg350,KY_03,KY,96,0.0010004001600640256,0.19607843137254904,0.39755902360944384,0.004001600640256103,0.401360544217687
883779813_Pg350_17.fsa,Pg350,KY_03,KY,97,0.0019992003198720507,0.17792882846861252,0.377249100359856,0.0015993602558976407,0.4412235105957617
883779813_Pg350_18.fsa,Pg350,KY_03,KY,98,0.016603320664132826,0.08481696339267855,0.617123424684937,0.00620124024804961,0.27525505101020203
883779813_Pg350_19.fsa,Pg350,KY_03,KY,99,0.0010012014417300763,0.19943932719263116,0.4046856227472968,0.0010012014417300763,0.3938726471766119
883779813_Pg350_20.fsa,Pg350,KY_03,KY,100,0.0024000000000000002,0.1954,0.39159999999999995,0.003,0.40759999999999996
883779813_Pg350_21.fsa,Pg350,KY_03,KY,101,0.0010002000400080016,0.19963992798559713,0.4216843368673735,0.001200240048009602,0.3764752950590117
883779813_Pg350_22.fsa,Pg350,KY_03,KY,102,0.0022,0.1976,0.4204,0.002,0.37779999999999997
883779813_Pg351_01.fsa,Pg351,KY_04,KY,103,0.0017996400719856032,0.2005598880223955,0.585882823435313,0.001999600079984003,0.20975804839032192
883779813_Pg351_02.fsa,Pg351,KY_04,KY,104,0.07238552289542091,0.19876024795040995,0.5480903819236153,0.01179764047190562,0.16896620675864826
883779813_Pg351_03.fsa,Pg351,KY_04,KY,105,0.01479112532480512,0.20047971217269636,0.578652808315011,0.004597241655006996,0.20147911253248052
883779813_Pg351_04.fsa,Pg351,KY_04,KY,106,0.001999600079984003,0.19956008798240352,0.5958808238352329,9.998000399920016e-4,0.20155968806238753
883779813_Pg351_05.fsa,Pg351,KY_04,KY,107,0.0128,0.23579999999999995,0.5748,0.007000000000000001,0.16960000000000003
883779813_Pg351_06.fsa,Pg351,KY_04,KY,108,0.0046,0.1996,0.5428,0.0034000000000000002,0.2496
883779813_Pg351_07.fsa,Pg351,KY_04,KY,109,0.002599480103979204,0.19636072785442915,0.5750849830033993,0.002999400119976005,0.2229554089182163
883779813_Pg351_08.fsa,Pg351,KY_04,KY,110,0.0017982017982017986,0.20119880119880118,0.5960039960039961,0.0017982017982017986,0.19920079920079922
883779813_Pg351_09.fsa,Pg351,KY_04,KY,111,0.003001801080648389,0.18010806483890335,0.6211727036221734,0.0014008405043025817,0.19431658995397239
883779813_Pg351_10.fsa,Pg351,KY_04,KY,112,0.0024004800960192043,0.20224044808961794,0.5877175435087016,0.0012002400480096021,0.2064412882576515
883779813_Pg351_11.fsa,Pg351,KY_04,KY,113,0.006795922446532078,0.1892864281431141,0.5896462122726364,0.0023985608634819106,0.2118728762742354
883779813_Pg351_12.fsa,Pg351,KY_04,KY,114,0.003001200480192077,0.19827931172468988,0.45918367346938777,0.0012004801920768309,0.3383353341336534
883779813_Pg351_13.fsa,Pg351,KY_04,KY,115,0.007603041216486595,0.19427771108443376,0.5912364945978391,0.006802721088435375,0.20008003201280514
883779813_Pg351_14.fsa,Pg351,KY_04,KY,116,0.02259096361455418,0.21571371451419433,0.5853658536585367,0.005397840863654539,0.17093162734906037
883779813_Pg351_15.fsa,Pg351,KY_04,KY,117,0.011602320464092817,0.19583916783356675,0.5563112622524505,0.0044008801760352075,0.2318463692738547
883779813_Pg351_16.fsa,Pg351,KY_04,KY,118,0.003601440576230492,0.19347739095638253,0.597639055622249,0.004001600640256103,0.20128051220488194
883779813_Pg351_17.fsa,Pg351,KY_04,KY,119,0.0017989206476114335,0.20367779332400554,0.5946432140715571,0.0017989206476114335,0.19808115130921447
883779813_Pg351_18.fsa,Pg351,KY_04,KY,120,0.002599480103979204,0.2005598880223955,0.5976804639072185,0.0027994401119776045,0.19636072785442912
883779813_Pg351_19.fsa,Pg351,KY_04,KY,121,0.0018000000000000002,0.1992,0.5944,0.003,0.2016
883779813_Pg351_20.fsa,Pg351,KY_04,KY,122,0.001999600079984003,0.2093581283743251,0.5892821435712858,0.001999600079984003,0.19736052789442113
883779813_Pg351_21.fsa,Pg351,KY_04,KY,123,0.0033986405437824866,0.22051179528188722,0.5927628948420631,0.0017992802878848463,0.18152738904438226
883779813_Pg351_22.fsa,Pg351,KY_04,KY,124,0.003599280143971206,0.2001599680063987,0.5892821435712858,0.004399120175964806,0.20255948810237948
883779813_Pg351_23.fsa,Pg351,KY_04,KY,125,0.006,0.1948,0.5975999999999999,0.0034000000000000002,0.1982
883779813_Pg351_24.fsa,Pg351,KY_04,KY,126,0.004200840168033608,0.25245049009801956,0.5923184636927386,0.002600520104020805,0.14842968593718744
883779813_Pg352_01.fsa,Pg352,KY_05,KY,127,0.0024004800960192043,0.17783556711342272,0.5953190638127626,0.0036007201440288058,0.22084416883376673
883779813_Pg352_02.fsa,Pg352,KY_05,KY,128,0.0022,0.16340000000000002,0.6232,0.0054,0.20579999999999998
883779813_Pg352_03.fsa,Pg352,KY_05,KY,129,0.0036000000000000003,0.1854,0.5917999999999999,0.0018000000000000002,0.21739999999999998
883779813_Pg352_04.fsa,Pg352,KY_05,KY,130,0.0021991203518592567,0.18152738904438226,0.6133546581367454,0.002399040383846462,0.20051979208316673
883779813_Pg352_05.fsa,Pg352,KY_05,KY,131,0.002199560087982403,0.11877624475104978,0.5056988602279544,0.0025994801039792045,0.3707258548290342
883779813_Pg352_06.fsa,Pg352,KY_05,KY,132,0.0021991203518592567,0.16153538584566177,0.5995601759296282,0.0021991203518592563,0.23450619752099158
883779813_Pg352_07.fsa,Pg352,KY_05,KY,133,0.001999600079984003,0.1887622475504899,0.5902819436112777,0.00599880023995201,0.21295740851829634
883779813_Pg352_08.fsa,Pg352,KY_05,KY,134,0.0022004400880176037,0.18043608721744347,0.5825165033006602,0.024604920984196837,0.21024204840968194
883779813_Pg352_09.fsa,Pg352,KY_05,KY,135,0.0024000000000000002,0.2008,0.5930000000000001,0.0022,0.20159999999999995
883779813_Pg352_10.fsa,Pg352,KY_05,KY,136,0.0033999999999999994,0.1852,0.5878,0.0038,0.2198
883779813_Pg352_11.fsa,Pg352,KY_05,KY,137,0.0036007201440288058,0.21024204840968191,0.5769153830766154,0.002400480096019204,0.2068413682736547
883779813_Pg352_12.fsa,Pg352,KY_05,KY,138,0.0026010404161664665,0.2006802721088435,0.5950380152060825,0.0022008803521408565,0.1994797919167667
883779813_Pg352_13.fsa,Pg352,KY_05,KY,139,0.002399520095980804,0.1993601279744051,0.5960807838432313,9.998000399920016e-4,0.20115976804639069
883779813_Pg352_14.fsa,Pg352,KY_05,KY,140,0.0015993602558976412,0.20091963214714115,0.5959616153538584,0.0017992802878848463,0.19972011195521794
883779813_Pg352_15.fsa,Pg352,KY_05,KY,141,0.002399520095980804,0.19996000799840033,0.5954809038192361,9.998000399920016e-4,0.2011597680463907
883779813_Pg352_16.fsa,Pg352,KY_05,KY,142,0.006001200240048009,0.19903980796159232,0.5933186637327466,0.001800360072014403,0.1998399679935987
883779813_Pg352_17.fsa,Pg352,KY_05,KY,143,0.004200000000000001,0.1862,0.596,0.0102,0.20339999999999997
883779813_Pg352_18.fsa,Pg352,KY_05,KY,144,0.0024014408645187113,0.19971983189913947,0.5945567340404243,0.0024014408645187113,0.20092055233139883
883779813_Pg352_19.fsa,Pg352,KY_05,KY,145,0.002399520095980804,0.1991601679664067,0.5940811837632474,0.001999600079984003,0.20235952809438112
883779813_Pg352_20.fsa,Pg352,KY_05,KY,146,0.015409245547328395,0.1366820092055233,0.5769461677006203,0.0010006003602161296,0.26996197718631176
883779813_Pg352_21.fsa,Pg352,KY_05,KY,147,0.0025994801039792045,0.19616076784643072,0.5932813437312539,0.004199160167966408,0.20375924815036991
883779813_Pg352_22.fsa,Pg352,KY_05,KY,148,0.002,0.1994,0.5962,0.001,0.20139999999999997
883779813_Pg352_23.fsa,Pg352,KY_05,KY,149,0.001999200319872051,0.19952019192323073,0.5961615353858457,9.996001599360256e-4,0.20131947221111554
883779813_Pg352_24.fsa,Pg352,KY_05,KY,150,0.002399520095980804,0.20155968806238753,0.5934813037392521,0.001999600079984003,0.2005598880223955
883779813_Pg353_01.fsa,Pg353,EX_02,EX-S,151,0.7302,0.0142,0.2182,0.0012000000000000001,0.036199999999999996
883779813_Pg353_02.fsa,Pg353,EX_02,EX-S,152,0.8925785157031407,0.014002800560112022,0.07441488297659532,0.004200840168033608,0.014802960592118424
883779813_Pg353_03.fsa,Pg353,EX_02,EX-S,153,0.2340468093618724,0.00580116023204641,0.6199239847969593,0.004600920184036808,0.13562712542508504
883779813_Pg353_04.fsa,Pg353,EX_02,EX-S,154,0.1167766446710658,0.08858228354329134,0.5892821435712858,0.02439512097580484,0.1809638072385523
883779813_Pg353_05.fsa,Pg353,EX_02,EX-S,155,0.04678128748500599,0.07257097161135546,0.6651339464214314,0.04198320671731307,0.17353058776489405
883779813_Pg353_06.fsa,Pg353,EX_02,EX-S,156,0.653938424630148,0.006397441023590563,0.26609356257497,0.0031987205117952815,0.07037185125949619
883779813_Pg353_07.fsa,Pg353,EX_02,EX-S,157,0.9914,0.0024000000000000002,0.0022,0.002,0.002
883779813_Pg353_08.fsa,Pg353,EX_02,EX-S,158,0.1184236847369474,0.022004400880176037,0.6325265053010602,0.03340668133626726,0.19363872774554913
883779813_Pg353_09.fsa,Pg353,EX_02,EX-S,159,0.07901580316063211,0.024404880976195236,0.6811362272454491,0.036207241448289657,0.1792358471694339
883779813_Pg353_10.fsa,Pg353,EX_02,EX-S,160,0.3916,0.0086,0.45760000000000006,0.0308,0.11140000000000001
883779813_Pg353_11.fsa,Pg353,EX_02,EX-S,161,0.2830867652938825,0.04518192722910836,0.5461815273890444,0.004598160735705718,0.1209516193522591
883779813_Pg353_12.fsa,Pg353,EX_02,EX-S,162,0.5131026205241048,0.00740148029605921,0.3782756551310261,0.0034006801360272044,0.09781956391278256
883779813_Pg353_13.fsa,Pg353,EX_02,EX-S,163,0.3584716943388678,0.004400880176035207,0.5123024604920984,0.002000400080016003,0.12282456491298259
883779813_Pg353_14.fsa,Pg353,EX_02,EX-S,164,0.8221999999999999,0.0306,0.0878,0.002,0.05739999999999999
883779813_Pg353_15.fsa,Pg353,EX_02,EX-S,165,0.5394921015796841,0.004599080183963208,0.3657268546290742,0.004199160167966408,0.08598280343931214
883779813_Pg353_16.fsa,Pg353,EX_02,EX-S,166,0.008403361344537816,0.024009603841536616,0.735094037615046,0.002200880352140856,0.2302921168467387
883779813_Pg353_17.fsa,Pg353,EX_02,EX-S,167,0.5332,0.0178,0.33799999999999997,0.0024000000000000002,0.1086
883779813_Pg353_18.fsa,Pg353,EX_02,EX-S,168,0.54749050189962,0.005398920215956808,0.3597280543891221,0.0019996000799840027,0.08538292341531692
883779813_Pg353_19.fsa,Pg353,EX_02,EX-S,169,0.6269253850770155,0.07901580316063213,0.22464492898579716,0.0022004400880176037,0.06721344268853771
883779813_Pg353_20.fsa,Pg353,EX_02,EX-S,170,0.8342,0.023399999999999997,0.11760000000000001,0.0026000000000000003,0.0222
883779813_Pg353_21.fsa,Pg353,EX_02,EX-S,171,0.14331401159304416,0.006995802518488907,0.686588047171697,0.002198680791525085,0.16090345792524482
883779813_Pg353_22.fsa,Pg353,EX_02,EX-S,172,0.10815673730507798,0.09456217512994801,0.5863654538184726,0.02558976409436226,0.18532586965213915
883779813_Pg353_23.fsa,Pg353,EX_02,EX-S,173,0.9722,0.005,0.0126,0.0022,0.007999999999999998
883779813_Pg353_24.fsa,Pg353,EX_02,EX-S,174,0.28514297140571887,0.13937212557488504,0.4355128974205159,0.013597280543891224,0.126374725054989
883779813_Pg354_01.fsa,Pg354,KY_06,KY,175,0.0034006801360272052,0.24444888977795556,0.4104820964192839,0.002000400080016003,0.3396679335867174
883779813_Pg354_02.fsa,Pg354,KY_06,KY,176,0.03219999999999999,0.2612,0.3076,0.004399999999999999,0.3946
883779813_Pg354_10.fsa,Pg354,KY_06,KY,177,0.0030006001200240046,0.2952590518103621,0.5463092618523705,0.0022004400880176037,0.15323064612922585
883779813_Pg354_11.fsa,Pg354,KY_06,KY,178,0.0017996400719856032,0.1895620875824835,0.18256348730253952,0.001999600079984003,0.6240751849630073
883779813_Pg354_12.fsa,Pg354,KY_06,KY,179,0.002600520104020804,0.3730746149229846,0.501500300060012,0.0014002800560112022,0.12142428485697139
883779813_Pg354_13.fsa,Pg354,KY_06,KY,180,0.005401080216043209,0.33326665333066613,0.5277055411082217,0.0026005201040208044,0.13102620524104822
883779813_Pg354_14.fsa,Pg354,KY_06,KY,181,0.002000400080016003,0.23724744948989798,0.1832366473294659,0.002000400080016003,0.575515103020604
883779813_Pg354_15.fsa,Pg354,KY_06,KY,182,0.0029982010793523886,0.30661603038177093,0.4697181690985409,0.0021986807915250852,0.21846891864881077
883779813_Pg354_22.fsa,Pg354,KY_06,KY,183,0.0018000000000000002,0.2492,0.4412000000000001,0.0106,0.2972
883779813_Pg354_23.fsa,Pg354,KY_06,KY,184,0.0025989604158336665,0.3380647740903639,0.5667732906837265,0.004398240703718513,0.08816473410635746
883779813_Pg354_24.fsa,Pg354,KY_06,KY,185,0.011997600479904022,0.27174565086982605,0.5062987402519497,0.0019996000799840036,0.20795840831833634
883779813_Pg355_01.fsa,Pg355,EX_03,EX-S,186,0.9933960376225734,0.0016009605763458072,0.0012007204322593554,0.002801681008605162,0.0010006003602161294
883779813_Pg355_02.fsa,Pg355,EX_03,EX-S,187,0.9916016796640671,0.0027994401119776045,0.001999600079984003,0.001999600079984003,0.0015996800639872027
883779813_Pg355_03.fsa,Pg355,EX_03,EX-S,188,0.9822071171531387,0.0037984806077568972,0.005797680927628949,0.001999200319872051,0.00619752099160336
883779813_Pg355_04.fsa,Pg355,EX_03,EX-S,189,0.38804478208716514,0.011195521791283487,0.477608956417433,0.0017992802878848463,0.1213514594162335
883779813_Pg355_05.fsa,Pg355,EX_03,EX-S,190,0.5158968206358728,0.05578884223155369,0.28114377124575085,0.020995800839832032,0.1261747650469906
883779813_Pg355_06.fsa,Pg355,EX_03,EX-S,191,0.981003799240152,0.0031993601279744054,0.007998400319936013,0.0021995600879824036,0.005598880223955209
883779813_Pg355_07.fsa,Pg355,EX_03,EX-S,192,0.9787957591518304,0.004200840168033607,0.008401680336067214,0.0022004400880176037,0.006401280256051211
883779813_Pg355_08.fsa,Pg355,EX_03,EX-S,193,0.08376649340263896,0.006597361055577769,0.6839264294282288,0.05777688924430228,0.1679328268692523
883779813_Pg355_09.fsa,Pg355,EX_03,EX-S,194,0.9911999999999999,0.0021999999999999997,0.0024000000000000002,0.0022,0.002
883779813_Pg355_10.fsa,Pg355,EX_03,EX-S,195,0.9913982796559311,0.0022004400880176033,0.0024004800960192043,0.002000400080016003,0.002000400080016003
883779813_Pg355_11.fsa,Pg355,EX_03,EX-S,196,0.99,0.0021999999999999997,0.0026000000000000003,0.003,0.0022
883779813_Pg355_12.fsa,Pg355,EX_03,EX-S,197,0.9904019196160768,0.002199560087982403,0.002999400119976005,0.001999600079984003,0.002399520095980804
883779813_Pg355_13.fsa,Pg355,EX_03,EX-S,198,0.9688062387522496,0.007998400319936014,0.01259748050389922,0.002799440111977604,0.007798440311937612
883779813_Pg355_14.fsa,Pg355,EX_03,EX-S,199,0.9915966386554622,0.002200880352140856,0.0020008003201280513,0.0022008803521408565,0.0020008003201280513
883779813_Pg355_15.fsa,Pg355,EX_03,EX-S,200,0.9682000000000001,0.0068000000000000005,0.0094,0.0062,0.009400000000000002
883779813_Pg355_16.fsa,Pg355,EX_03,EX-S,201,0.01899620075984803,0.1943611277744451,0.5824835032993402,0.0031993601279744054,0.2009598080383923
883779813_Pg355_17.fsa,Pg355,EX_03,EX-S,202,0.9898020395920816,0.002399520095980804,0.0025994801039792045,0.002999400119976005,0.0021995600879824036
883779813_Pg355_18.fsa,Pg355,EX_03,EX-S,203,0.9928014397120576,0.0017996400719856032,0.001999600079984003,0.0021995600879824036,0.001199760047990402
883779813_Pg355_19.fsa,Pg355,EX_03,EX-S,204,0.993002798880448,0.001999200319872051,0.0017992802878848463,0.001999200319872051,0.001199520191923231
883779813_Pg355_20.fsa,Pg355,EX_03,EX-S,205,0.9548090381923616,0.003199360127974406,0.03359328134373127,0.0019996000799840036,0.006398720255948812
883779813_Pg355_21.fsa,Pg355,EX_03,EX-S,206,0.0031993601279744054,0.19956008798240352,0.595480903819236,0.001999600079984003,0.19976004799040192
883779813_Pg355_22.fsa,Pg355,EX_03,EX-S,207,0.002399040383846462,0.2129148340663734,0.5831667333066772,0.010795681727309077,0.1907237105157937
883779813_Pg355_23.fsa,Pg355,EX_03,EX-S,208,0.993998799759952,0.0016003200640128028,0.0014002800560112022,0.002000400080016003,0.0010002000400080016
883779813_Pg355_24.fsa,Pg355,EX_03,EX-S,209,0.9939975990396158,0.001600640256102441,0.0010004001600640256,0.0024009603841536617,0.0010004001600640256
883779813_Pg356_01.fsa,Pg356,TNE_02,TNE,210,0.005200000000000001,0.0024000000000000002,0.0022,0.9875999999999999,0.0026000000000000003
883779813_Pg356_02.fsa,Pg356,TNE_02,TNE,211,0.002999400119976005,0.002399520095980804,0.0013997200559888023,0.9916016796640671,0.0015996800639872027
883779813_Pg356_03.fsa,Pg356,TNE_02,TNE,212,0.0031987205117952823,0.002598960415833667,0.0017992802878848463,0.9898040783686526,0.002598960415833667
883779813_Pg356_04.fsa,Pg356,TNE_02,TNE,213,0.007603041216486594,0.0024009603841536617,0.001800720288115246,0.985594237695078,0.002601040416166467
883779813_Pg356_05.fsa,Pg356,TNE_02,TNE,214,0.0036,0.004,0.0026,0.9875999999999999,0.0022
883779813_Pg356_06.fsa,Pg356,TNE_02,TNE,215,0.005997600959616153,0.0037984806077568964,0.0021991203518592554,0.9848060775689723,0.0031987205117952815
883779813_Pg356_07.fsa,Pg356,TNE_02,TNE,216,0.006802721088435375,0.0024009603841536617,0.001800720288115246,0.9863945578231292,0.002601040416166467
883779813_Pg356_08.fsa,Pg356,TNE_02,TNE,217,0.010604241696678673,0.018207282913165267,0.0014005602240896359,0.9681872749099639,0.001600640256102441
883779813_Pg356_09.fsa,Pg356,TNE_02,TNE,218,0.0030006001200240046,0.0026005201040208044,0.0026005201040208044,0.9893978795759152,0.002400480096019204
883779813_Pg356_10.fsa,Pg356,TNE_02,TNE,219,0.0036000000000000003,0.0054,0.003,0.9865999999999999,0.0014
883779813_Pg356_11.fsa,Pg356,TNE_02,TNE,220,0.0017996400719856032,0.002399520095980804,0.002599480103979204,0.9906018796240751,0.0025994801039792045
883779813_Pg356_12.fsa,Pg356,TNE_02,TNE,221,0.0031987205117952823,0.002399040383846462,0.002399040383846462,0.9890043982407039,0.0029988004798080768
883779813_Pg356_13.fsa,Pg356,TNE_02,TNE,222,0.002000400080016003,0.002000400080016003,0.0012002400480096021,0.992998599719944,0.001800360072014403
883779813_Pg356_14.fsa,Pg356,TNE_02,TNE,223,0.00199880071956826,0.0021986807915250852,0.0017989206476114337,0.9920047971217271,0.00199880071956826
883779813_Pg356_15.fsa,Pg356,TNE_02,TNE,224,0.003997601439136519,0.0029982010793523886,0.002398560863481911,0.988606835898461,0.0019988007195682594
883779813_Pg356_16.fsa,Pg356,TNE_02,TNE,225,0.03501400560224089,0.04801920768307323,0.030412164865946376,0.8769507803121248,0.009603841536614645
883779813_Pg356_17.fsa,Pg356,TNE_02,TNE,226,0.0020008003201280513,0.010804321728691477,0.009603841536614647,0.9761904761904762,0.0014005602240896359
883779813_Pg356_18.fsa,Pg356,TNE_02,TNE,227,0.007600000000000001,0.003,0.0026000000000000003,0.9837999999999999,0.003
883779813_Pg356_19.fsa,Pg356,TNE_02,TNE,228,0.0028000000000000004,0.0032,0.0014,0.9908000000000001,0.0018000000000000002
883779813_Pg356_20.fsa,Pg356,TNE_02,TNE,229,0.004599080183963208,0.012797440511897622,0.002199560087982403,0.9778044391121775,0.0025994801039792045
883779813_Pg356_21.fsa,Pg356,TNE_02,TNE,230,0.0034000000000000002,0.004,0.0024000000000000002,0.9882,0.002
883779813_Pg356_22.fsa,Pg356,TNE_02,TNE,231,0.007601520304060813,0.035007001400280055,0.007801560312062414,0.9469893978795759,0.002600520104020804
883779813_Pg356_23.fsa,Pg356,TNE_02,TNE,232,0.0024009603841536617,0.003201280512204882,0.0020008003201280513,0.9903961584633854,0.0020008003201280513
883779813_Pg356_24.fsa,Pg356,TNE_02,TNE,233,0.002,0.0024000000000000002,0.002,0.9914,0.0022
883779813_Pg357_01.fsa,Pg357,TNE_01,TNE,234,0.004999000199960006,0.19656068786242747,0.0019996000799840027,0.794241151769646,0.002199560087982403
883779813_Pg357_02.fsa,Pg357,TNE_01,TNE,235,0.00200160128102482,0.19975980784627703,0.00100080064051241,0.7962369895916733,0.00100080064051241
883779813_Pg357_03.fsa,Pg357,TNE_01,TNE,236,0.003001200480192077,0.2036814725890356,0.0028011204481792717,0.7877150860344138,0.0028011204481792713
883779813_Pg357_04.fsa,Pg357,TNE_01,TNE,237,0.0018010806483890337,0.20092055233139886,0.0012007204322593559,0.7950770462277367,0.0010006003602161296
883779813_Pg357_05.fsa,Pg357,TNE_01,TNE,238,0.0013997200559888023,0.2013597280543891,0.0015996800639872027,0.7938412317536492,0.0017996400719856032
883779813_Pg357_06.fsa,Pg357,TNE_01,TNE,239,0.0022004400880176037,0.20184036807361472,0.0012002400480096021,0.7929585917183437,0.001800360072014403
883779813_Pg357_07.fsa,Pg357,TNE_01,TNE,240,0.0019988007195682594,0.20087947231661002,0.0017989206476114335,0.7935238856685988,0.0017989206476114335
883779813_Pg357_08.fsa,Pg357,TNE_01,TNE,241,0.017396520695860826,0.2309538092381524,0.41451709658068386,0.1285742851429714,0.2085582883423315
883779813_Pg357_09.fsa,Pg357,TNE_01,TNE,242,0.0016,0.20099999999999998,0.0018000000000000002,0.7936,0.002
883779813_Pg357_10.fsa,Pg357,TNE_01,TNE,243,0.0018000000000000002,0.2004,0.0014,0.7945999999999999,0.0018000000000000002
883779813_Pg357_11.fsa,Pg357,TNE_01,TNE,244,0.002000400080016003,0.2006401280256051,0.0010002000400080016,0.7951590318063613,0.0012002400480096021
883779813_Pg357_12.fsa,Pg357,TNE_01,TNE,245,0.002600520104020805,0.2008401680336067,0.0014002800560112022,0.7937587517503502,0.0014002800560112022
883779813_Pg357_13.fsa,Pg357,TNE_01,TNE,246,0.0029988004798080768,0.20171931227508996,0.0017992802878848463,0.7918832467013195,0.0015993602558976412
883779813_Pg357_14.fsa,Pg357,TNE_01,TNE,247,0.0017989206476114335,0.20067959224465323,0.0015990405756546075,0.7941235258844692,0.0017989206476114335
883779813_Pg357_15.fsa,Pg357,TNE_01,TNE,248,0.0022,0.198,0.0014,0.7958,0.0026
883779813_Pg357_16.fsa,Pg357,TNE_01,TNE,249,0.002,0.2,0.0012000000000000001,0.7951999999999999,0.0016
883779813_Pg357_17.fsa,Pg357,TNE_01,TNE,250,0.0028011204481792717,0.1980792316926771,0.002601040416166467,0.7933173269307723,0.003201280512204882
883779813_Pg357_18.fsa,Pg357,TNE_01,TNE,251,0.0018000000000000002,0.2008,0.0018000000000000002,0.7936,0.002
883779813_Pg357_19.fsa,Pg357,TNE_01,TNE,252,0.002798880447820872,0.20051979208316673,0.001199520191923231,0.7936825269892043,0.0017992802878848463
883779813_Pg357_20.fsa,Pg357,TNE_01,TNE,253,0.001999600079984003,0.20075984803039393,0.0015996800639872027,0.7938412317536492,0.0017996400719856032
883779813_Pg357_21.fsa,Pg357,TNE_01,TNE,254,0.002,0.2,0.0018000000000000002,0.7948,0.0014
883779813_Pg357_22.fsa,Pg357,TNE_01,TNE,255,0.003200640128025605,0.1998399679935987,0.0030006001200240046,0.7859571914382877,0.008001600320064013
883779813_Pg357_23.fsa,Pg357,TNE_01,TNE,256,0.003001200480192077,0.19847939175670268,0.0010004001600640256,0.7965186074429772,0.0010004001600640256
883779813_Pg357_24.fsa,Pg357,TNE_01,TNE,257,0.0017989206476114335,0.20047971217269636,0.0011992804317409555,0.7949230461722966,0.0015990405756546075
883779813_Pg358_01.fsa,Pg358,TNW_04,TNW,258,0.9876049580167932,0.0031987205117952823,0.002399040383846462,0.003598560575769692,0.0031987205117952823
883779813_Pg358_02.fsa,Pg358,TNW_04,TNW,259,0.9928014397120576,0.001999600079984003,9.998000399920016e-4,0.0031993601279744054,9.998000399920016e-4
883779813_Pg358_03.fsa,Pg358,TNW_04,TNW,260,0.9886022795440912,0.002399520095980804,0.001999600079984003,0.004999000199960009,0.001999600079984003
883779813_Pg358_04.fsa,Pg358,TNW_04,TNW,261,0.9921921921921921,0.0024024024024024027,0.0010010010010010012,0.003403403403403404,0.0010010010010010012
883779813_Pg358_05.fsa,Pg358,TNW_04,TNW,262,0.9933973589435774,0.001600640256102441,0.001800720288115246,0.0020008003201280513,0.0012004801920768309
883779813_Pg358_06.fsa,Pg358,TNW_04,TNW,263,0.9928028788484605,0.0017992802878848458,0.0015993602558976407,0.0019992003198720507,0.0017992802878848458
883779813_Pg358_07.fsa,Pg358,TNW_04,TNW,264,0.9696000000000001,0.017400000000000002,0.0026000000000000003,0.006,0.004399999999999999
883779813_Pg358_08.fsa,Pg358,TNW_04,TNW,265,0.9935974389755903,0.002200880352140857,0.0010004001600640259,0.002200880352140857,0.0010004001600640259
883779813_Pg358_09.fsa,Pg358,TNW_04,TNW,266,0.913,0.0256,0.0098,0.042800000000000005,0.008799999999999999
883779813_Pg358_10.fsa,Pg358,TNW_04,TNW,267,0.9442,0.008199999999999999,0.0114,0.027800000000000002,0.0084
883779813_Pg358_11.fsa,Pg358,TNW_04,TNW,268,0.985997199439888,0.0028005601120224045,0.002000400080016003,0.008001600320064013,0.0012002400480096021
883779813_Pg358_12.fsa,Pg358,TNW_04,TNW,269,0.7529999999999999,0.011600000000000001,0.0102,0.2166,0.0086
883779813_Pg358_13.fsa,Pg358,TNW_04,TNW,270,0.9846030793841231,0.004599080183963208,0.0025994801039792045,0.005598880223955208,0.002599480103979204
883779813_Pg358_14.fsa,Pg358,TNW_04,TNW,271,0.9931945556445155,0.0026020816653322663,0.00100080064051241,0.002201761409127302,0.00100080064051241
883779813_Pg358_15.fsa,Pg358,TNW_04,TNW,272,0.9665933186637328,0.004400880176035208,0.006601320264052811,0.013002600520104024,0.009401880376075216
883779813_Pg358_16.fsa,Pg358,TNW_04,TNW,273,0.97000599880024,0.012797440511897622,0.004799040191961608,0.0065986802639472104,0.0057988402319536095
883779813_Pg358_17.fsa,Pg358,TNW_04,TNW,274,0.9362509992006395,0.00419664268585132,0.0025979216626698647,0.054356514788169476,0.0025979216626698647
883779813_Pg358_18.fsa,Pg358,TNW_04,TNW,275,0.9758048390321936,0.013197360527894421,0.004399120175964806,0.002599480103979204,0.003999200159968006
883779813_Pg358_19.fsa,Pg358,TNW_04,TNW,276,0.9236000000000001,0.0308,0.023,0.004600000000000001,0.018
883779813_Pg358_20.fsa,Pg358,TNW_04,TNW,277,0.9913965586234493,0.0022008803521408565,0.0014005602240896359,0.004001600640256103,0.0010004001600640256
883779813_Pg358_21.fsa,Pg358,TNW_04,TNW,278,0.986997399479896,0.003200640128025605,0.003800760152030406,0.002400480096019204,0.0036007201440288058
883779813_Pg358_22.fsa,Pg358,TNW_04,TNW,279,0.9912017596480703,0.001999600079984003,0.0017996400719856032,0.0031993601279744054,0.0017996400719856032
883779813_Pg358_23.fsa,Pg358,TNW_04,TNW,280,0.9880023995200959,0.002999400119976004,0.0025994801039792037,0.0019996000799840027,0.004399120175964806
883779813_Pg358_24.fsa,Pg358,TNW_04,TNW,281,0.9935974389755903,0.001600640256102441,0.0014005602240896359,0.0020008003201280513,0.0014005602240896359
883779813_Pg359_01.fsa,Pg359,TNW_05,TNW,282,0.9841968393678735,0.005201040208041609,0.0030006001200240046,0.005401080216043208,0.0022004400880176037
883779813_Pg359_02.fsa,Pg359,TNW_05,TNW,283,0.9397879575915182,0.025405081016203243,0.013602720544108824,0.007201440288057612,0.014002800560112022
883779813_Pg359_03.fsa,Pg359,TNW_05,TNW,284,0.9721944388877775,0.006601320264052811,0.007201440288057612,0.009601920384076817,0.0044008801760352075
883779813_Pg359_04.fsa,Pg359,TNW_05,TNW,285,0.9455891178235647,0.010602120424084817,0.026405281056211243,0.009401880376075217,0.008001600320064013
883779813_Pg359_05.fsa,Pg359,TNW_05,TNW,286,0.9894021195760847,0.002199560087982403,0.0025994801039792045,0.0035992801439712063,0.0021995600879824036
883779813_Pg359_06.fsa,Pg359,TNW_05,TNW,287,0.9876000000000001,0.0038,0.0032,0.0022,0.0032
883779813_Pg359_07.fsa,Pg359,TNW_05,TNW,288,0.9735894357743098,0.009203681472589036,0.006202480992396959,0.004201680672268908,0.006802721088435375
883779813_Pg359_08.fsa,Pg359,TNW_05,TNW,289,0.9162000000000001,0.063,0.0098,0.008200000000000002,0.0027999999999999995
883779813_Pg359_09.fsa,Pg359,TNW_05,TNW,290,0.9076369452219113,0.009196321471411436,0.028988404638144748,0.005597760895641742,0.04858056777289084
883779813_Pg359_10.fsa,Pg359,TNW_05,TNW,291,0.9908018396320736,0.001999600079984003,0.001999600079984003,0.003399320135972806,0.0017996400719856032
883779813_Pg359_11.fsa,Pg359,TNW_05,TNW,292,0.9812,0.0046,0.0024000000000000002,0.0038,0.008
883779813_Pg359_12.fsa,Pg359,TNW_05,TNW,293,0.915233906437425,0.01919232307077169,0.016393442622950817,0.045781687325069965,0.0033986405437824866
