sample_id,population,population_label,state,sample_order,cluster_1,cluster_2,cluster_3,cluster_4,cluster_5,cluster_6,cluster_7,cluster_8,cluster_9,cluster_10,cluster_11
883779813_Pg346_01.fsa,Pg346,IN_01,IN,1,0.002200880352140856,0.19607843137254902,0.002601040416166467,0.19767907162865145,0.004201680672268907,0.1956782713085234,0.002801120448179272,0.0010004001600640256,0.004601840736294518,0.0010004001600640256,0.39215686274509803
883779813_Pg346_02.fsa,Pg346,IN_01,IN,2,0.004798080767692924,0.19412235105957615,0.002399040383846462,0.19352259096361454,0.006597361055577769,0.20071971211515396,0.009596161535385847,9.996001599360256e-4,0.002798880447820871,0.0017992802878848463,0.3826469412235105
883779813_Pg346_03.fsa,Pg346,IN_01,IN,3,0.0014008405043025817,0.197518511106664,0.0010006003602161296,0.19911947168300984,0.0012007204322593559,0.19871923153892337,0.0014008405043025817,0.0010006003602161296,0.0020012007204322593,0.0012007204322593559,0.39543726235741444
883779813_Pg346_04.fsa,Pg346,IN_01,IN,4,0.0010006003602161296,0.19811887132279368,0.0014008405043025817,0.1989193516109666,0.0016009605763458077,0.19831899139483689,0.0010006003602161296,0.0010006003602161296,0.0022013207924754855,0.0010006003602161296,0.39543726235741444
883779813_Pg346_05.fsa,Pg346,IN_01,IN,5,0.002402883460152183,0.19383259911894274,0.004805766920304365,0.2032438926712054,0.0014016820184221067,0.1918301962354826,0.0014016820184221067,0.0010012014417300763,0.005206247496996397,0.0014016820184221067,0.3934721665999199
883779813_Pg346_06.fsa,Pg346,IN_01,IN,6,0.002798880447820872,0.1923230707716913,0.0031987205117952823,0.1985205917632947,0.0021991203518592567,0.1831267493002799,9.996001599360256e-4,0.007397041183526591,0.003598560575769692,9.996001599360256e-4,0.40483806477409034
883779813_Pg346_07.fsa,Pg346,IN_01,IN,7,0.007005604483586871,0.19535628502802244,0.004403522818254604,0.20616493194555643,0.005804643714971978,0.1811449159327462,0.0012009607686148923,0.00100080064051241,0.00600480384307446,0.00100080064051241,0.3909127301841473
883779813_Pg346_08.fsa,Pg346,IN_01,IN,8,0.0024004800960192043,0.19763952790558112,0.002600520104020805,0.22684536907381472,0.0028005601120224045,0.16703340668133626,0.0010002000400080016,0.0010002000400080016,0.004000800160032006,0.0010002000400080016,0.39367873574714946
883779813_Pg346_09.fsa,Pg346,IN_01,IN,9,0.0028,0.1972,0.003999999999999999,0.1998,0.0024000000000000002,0.19319999999999998,0.0012000000000000001,0.001,0.003999999999999999,0.0012000000000000001,0.39319999999999994
883779813_Pg346_10.fsa,Pg346,IN_01,IN,10,0.001401120896717374,0.19635708566853483,0.001601281024819856,0.20036028823058447,0.0026020816653322663,0.19755804643714972,0.001401120896717374,0.00100080064051241,0.002401921537229784,0.00100080064051241,0.3943154523618895
883779813_Pg346_11.fsa,Pg346,IN_01,IN,11,0.0022013207924754855,0.19451671002601562,0.004602761656994197,0.2045227136281769,0.0048028817290374235,0.19691815089053433,0.0014008405043025817,0.0010006003602161296,0.003402041224734841,0.0018010806483890337,0.38483089853912344
883779813_Pg346_12.fsa,Pg346,IN_01,IN,12,0.0022004400880176033,0.1970394078815763,0.002000400080016003,0.19803960792158432,0.0022004400880176033,0.1982396479295859,0.001800360072014403,0.0010002000400080016,0.0022004400880176033,0.0010002000400080016,0.39427885577115424
883779813_Pg346_13.fsa,Pg346,IN_01,IN,13,0.0022008803521408565,0.1980792316926771,0.0022008803521408565,0.1990796318527411,0.0018007202881152463,0.19627851140456182,0.0012004801920768309,0.0010004001600640256,0.0022008803521408565,0.0010004001600640256,0.39495798319327724
883779813_Pg346_14.fsa,Pg346,IN_01,IN,14,0.013597280543891224,0.1917616476704659,0.007998400319936013,0.19356128774245152,0.007398520295940811,0.2009598080383923,0.002999400119976005,9.998000399920016e-4,0.0037992401519696063,0.002799440111977604,0.37412517496500697
883779813_Pg346_15.fsa,Pg346,IN_01,IN,15,0.0040024014408645186,0.19331598959375623,0.004602761656994196,0.1997198318991395,0.003402041224734841,0.18991394836902145,0.0010006003602161296,0.0010006003602161296,0.014008405043025815,0.0010006003602161296,0.3880328196918151
883779813_Pg346_16.fsa,Pg346,IN_01,IN,16,0.001801801801801802,0.1985985985985986,0.0012012012012012014,0.1991991991991992,0.0012012012012012014,0.1975975975975976,0.001001001001001001,0.001001001001001001,0.0014014014014014013,0.001001001001001001,0.39599599599599594
883779813_Pg346_17.fsa,Pg346,IN_01,IN,17,0.002399040383846462,0.19592163134746104,0.005197920831667334,0.20131947221111554,0.0017992802878848463,0.1915233906437425,0.006597361055577769,9.996001599360256e-4,0.002399040383846462,9.996001599360256e-4,0.390843662534986
883779813_Pg346_18.fsa,Pg346,IN_01,IN,18,0.00100080064051241,0.18755004003202563,0.00200160128102482,0.19435548438751,0.00300240192153723,0.18174539631705366,0.001401120896717374,0.00100080064051241,0.04243394715772618,0.00100080064051241,0.3845076060848679
883779813_Pg346_19.fsa,Pg346,IN_01,IN,19,0.004602761656994196,0.19991995197118273,0.00440264158495097,0.19031418851310786,0.005803482089253552,0.21132679607764657,0.0018010806483890337,0.0012007204322593559,0.005203121873123874,0.0018010806483890337,0.37362417450470287
883779813_Pg346_20.fsa,Pg346,IN_01,IN,20,0.002200880352140856,0.18187274909963985,0.004201680672268907,0.19707883153261305,0.001800720288115246,0.21248499399759904,0.004401760704281712,0.0010004001600640256,0.0024009603841536617,0.0012004801920768309,0.3913565426170468
883779813_Pg346_21.fsa,Pg346,IN_01,IN,21,0.0014002800560112022,0.19223844768953788,0.0014002800560112022,0.19803960792158432,0.0014002800560112022,0.19763952790558112,0.0010002000400080016,0.0014002800560112022,0.008201640328065614,0.0010002000400080016,0.39627925585117024
883779813_Pg346_22.fsa,Pg346,IN_01,IN,22,0.0022004400880176033,0.19543908781756353,0.0016003200640128028,0.19823964792958593,0.003000600120024005,0.20124024804960994,0.0010002000400080016,0.0010002000400080016,0.002000400080016003,0.0012002400480096021,0.3930786157231446
883779813_Pg346_23.fsa,Pg346,IN_01,IN,23,0.002399520095980804,0.1973605278944211,0.001999600079984003,0.19876024795040992,0.002399520095980804,0.1975604879024195,9.998000399920016e-4,9.998000399920016e-4,0.0021995600879824036,0.001199760047990402,0.394121175764847
883779813_Pg346_24.fsa,Pg346,IN_01,IN,24,0.0014016820184221067,0.197036443732479,0.002202643171806167,0.1996395674809772,0.0014016820184221067,0.19823788546255508,0.0010012014417300763,0.0010012014417300763,0.0020024028834601526,0.0010012014417300763,0.395074088906688
883779813_Pg347_01.fsa,Pg347,KY_02,KY,25,0.001999200319872051,0.00859656137544982,0.015193922431027589,0.005797680927628948,0.9406237504998002,0.014194322271091565,0.0015993602558976412,0.0017992802878848463,0.0037984806077568972,0.003998400639744102,0.002399040383846462
883779813_Pg347_02.fsa,Pg347,KY_02,KY,26,0.0010004001600640256,0.0196078431372549,0.004401760704281713,0.002200880352140856,0.9575830332132853,0.004001600640256103,0.0010004001600640256,0.0014005602240896359,0.0048019207683073235,0.001600640256102441,0.0024009603841536617
883779813_Pg347_03.fsa,Pg347,KY_02,KY,27,0.003803042433947158,0.0034027221777421946,0.005804643714971979,0.00200160128102482,0.9595676541232987,0.0032025620496397124,0.00200160128102482,0.01100880704563651,0.0042033626901521225,0.002802241793434748,0.002201761409127302
883779813_Pg347_11.fsa,Pg347,KY_02,KY,28,0.004993009786299182,0.01318154583582984,0.020770920711004597,0.012782105052925907,0.8867585380467347,0.010585180746954265,0.0063910525264629535,0.010585180746954267,0.01897343718793689,0.005592170960655084,0.009386858398242463
883779813_Pg347_12.fsa,Pg347,KY_02,KY,29,0.001401120896717374,0.002802241793434748,0.003402722177742194,0.0070056044835868705,0.9433546837469976,0.01321056845476381,0.00100080064051241,0.015212169735788632,0.002802241793434748,0.00100080064051241,0.008807045636509208
883779813_Pg347_17.fsa,Pg347,KY_02,KY,30,0.0024009603841536617,0.001600640256102441,0.004601840736294517,0.007603041216486595,0.963985594237695,0.002601040416166467,0.0014005602240896359,0.004401760704281712,0.005402160864345739,0.0010004001600640256,0.005002000800320127
883779813_Pg347_18.fsa,Pg347,KY_02,KY,31,0.0032012805122048826,0.003801520608243298,0.01480592236894758,0.011804721888755506,0.9309723889555823,0.0026010404161664674,0.005202080832332935,0.012404961984793919,0.007202881152460986,0.0020008003201280517,0.006002400960384155
883779813_Pg347_21.fsa,Pg347,KY_02,KY,32,0.001999600079984003,0.00579884023195361,0.001999600079984003,0.0017996400719856032,0.952009598080384,0.004399120175964807,0.001999600079984003,0.012397520495900819,0.001999600079984003,0.012797440511897622,0.0027994401119776045
883779813_Pg347_22.fsa,Pg347,KY_02,KY,33,0.004201680672268908,0.003201280512204882,0.0070028011204481795,0.008203281312525009,0.8957583033213286,0.0022008803521408565,0.011804721888755502,0.0010004001600640256,0.06102440976390556,0.004201680672268908,0.0014005602240896359
883779813_Pg347_23.fsa,Pg347,KY_02,KY,34,0.002000400080016003,0.0022004400880176033,0.004600920184036806,0.012202440488097618,0.9207841568313663,0.002000400080016003,0.0014002800560112022,0.0010002000400080016,0.051010202040408084,0.0010002000400080016,0.001800360072014403
883779813_Pg348_01.fsa,Pg348,EX_01,EX-S,35,0.001999200319872051,0.001999200319872051,0.0059976009596161535,0.0021991203518592567,0.9760095961615354,0.0021991203518592567,0.0013994402239104358,0.002598960415833667,0.001999200319872051,9.996001599360256e-4,0.0025989604158336665
883779813_Pg348_02.fsa,Pg348,EX_01,EX-S,36,0.0012009607686148923,0.001401120896717374,0.00200160128102482,0.0012009607686148923,0.0022017614091273023,0.9855884707766214,0.00100080064051241,0.00100080064051241,0.0012009607686148923,0.0018014411529223382,0.001401120896717374
883779813_Pg348_03.fsa,Pg348,EX_01,EX-S,37,0.0015996800639872027,0.0013997200559888023,0.0021995600879824036,0.001199760047990402,0.0021995600879824036,0.9832033593281343,0.001199760047990402,0.0013997200559888023,0.001999600079984003,0.0021995600879824036,0.0013997200559888023
883779813_Pg348_04.fsa,Pg348,EX_01,EX-S,38,0.0023980815347721825,0.0025979216626698647,0.0035971223021582736,0.004396482813749001,0.9704236610711431,0.004196642685851319,0.0019984012789768186,0.0019984012789768186,0.0033972821742605914,0.0023980815347721825,0.0025979216626698643
883779813_Pg348_05.fsa,Pg348,EX_01,EX-S,39,0.0023980815347721825,0.015187849720223825,0.007993605115907276,0.005595523581135092,0.9488409272581936,0.0037969624300559558,0.001598721023181455,0.0029976019184652283,0.006994404476418866,0.0019984012789768186,0.0025979216626698647
883779813_Pg348_06.fsa,Pg348,EX_01,EX-S,40,0.001600640256102441,0.0020008003201280513,0.0020008003201280513,0.0012004801920768309,0.9843937575030013,0.0028011204481792713,0.0010004001600640256,0.0010004001600640256,0.0020008003201280513,0.0010004001600640256,0.0010004001600640256
883779813_Pg348_07.fsa,Pg348,EX_01,EX-S,41,0.0024009603841536617,0.0012004801920768309,0.0022008803521408565,0.002601040416166467,0.9791916766706682,0.0028011204481792717,0.0010004001600640256,0.0010004001600640256,0.004401760704281712,0.0010004001600640256,0.002200880352140856
883779813_Pg348_08.fsa,Pg348,EX_01,EX-S,42,0.001199520191923231,0.0013994402239104358,0.002399040383846462,0.001999200319872051,0.9820071971211515,0.003598560575769692,9.996001599360256e-4,9.996001599360256e-4,0.001999200319872051,0.002399040383846462,9.996001599360256e-4
883779813_Pg348_09.fsa,Pg348,EX_01,EX-S,43,0.00900360144057623,0.003001200480192077,0.01460584233693477,0.005402160864345739,0.9463785514205683,0.0036014405762304917,0.0020008003201280513,0.0010004001600640256,0.012204881952781113,0.0012004801920768309,0.001600640256102441
883779813_Pg348_10.fsa,Pg348,EX_01,EX-S,44,9.998000399920014e-4,9.998000399920014e-4,0.0019996000799840027,0.0011997600479904018,0.9868026394721054,0.0019996000799840027,9.998000399920014e-4,9.998000399920014e-4,0.0019996000799840027,9.998000399920014e-4,9.998000399920014e-4
883779813_Pg348_11.fsa,Pg348,EX_01,EX-S,45,0.0010006003602161296,0.0040024014408645186,0.009005403241945166,0.002601560936561937,0.9427656593956374,0.002801681008605163,0.0010006003602161296,0.0010006003602161296,0.03301981188713228,0.0010006003602161296,0.0018010806483890335
883779813_Pg348_12.fsa,Pg348,EX_01,EX-S,46,9.998000399920016e-4,0.0013997200559888023,0.0025994801039792045,0.0017996400719856032,0.9846030793841231,0.0021995600879824036,9.998000399920016e-4,9.998000399920016e-4,0.001999600079984003,0.0013997200559888023,9.998000399920016e-4
883779813_Pg348_13.fsa,Pg348,EX_01,EX-S,47,0.0010002000400080016,0.0016003200640128026,0.0028005601120224045,0.001800360072014403,0.9833966793358673,0.002400480096019204,0.0010002000400080016,0.0010002000400080016,0.002000400080016003,0.002000400080016003,0.0010002000400080016
883779813_Pg348_14.fsa,Pg348,EX_01,EX-S,48,0.004605526631958351,0.0022026431718061676,0.003404084901882259,0.0024028834601521835,0.973568281938326,0.0036043251902282743,0.0010012014417300763,0.0010012014417300763,0.005806968362034443,0.0010012014417300763,0.0014016820184221067
883779813_Pg348_15.fsa,Pg348,EX_01,EX-S,49,0.002,0.0024000000000000002,0.0024000000000000002,0.0032,0.9794,0.0036,0.0012000000000000001,0.001,0.002,0.001,0.0018000000000000002
883779813_Pg348_16.fsa,Pg348,EX_01,EX-S,50,0.0031993601279744054,0.0017996400719856032,0.0031993601279744054,0.002799440111977604,0.5664867026594681,0.41391721655668867,0.001999600079984003,9.998000399920016e-4,0.0027994401119776045,9.998000399920016e-4,0.0017996400719856032
883779813_Pg348_17.fsa,Pg348,EX_01,EX-S,51,0.0021995600879824036,0.0015996800639872027,0.0037992401519696063,0.0035992801439712063,0.2765446910617876,0.6672665466906619,9.998000399920016e-4,9.998000399920016e-4,0.03979204159168167,9.998000399920016e-4,0.002199560087982403
883779813_Pg348_18.fsa,Pg348,EX_01,EX-S,52,0.001001001001001001,0.0012012012012012014,0.0022022022022022024,0.0012012012012012014,0.0022022022022022024,0.984984984984985,0.001001001001001001,0.0012012012012012014,0.0012012012012012014,0.002602602602602603,0.0012012012012012014
883779813_Pg348_19.fsa,Pg348,EX_01,EX-S,53,0.002201761409127302,0.0018014411529223382,0.00600480384307446,0.004403522818254604,0.5192153722978383,0.45796637309847876,0.001401120896717374,0.001200960768614892,0.002401921537229784,0.00200160128102482,0.001401120896717374
883779813_Pg348_20.fsa,Pg348,EX_01,EX-S,54,0.001200960768614892,0.00100080064051241,0.002201761409127302,0.00200160128102482,0.00300240192153723,0.9843875100080065,0.00100080064051241,0.00100080064051241,0.00200160128102482,0.001200960768614892,0.00100080064051241
883779813_Pg348_21.fsa,Pg348,EX_01,EX-S,55,0.004600920184036807,0.003600720144028806,0.003200640128025605,0.0044008801760352075,0.6673334666933387,0.3062612522504501,0.0026005201040208044,0.0010002000400080016,0.0022004400880176037,0.0030006001200240046,0.001800360072014403
883779813_Pg348_22.fsa,Pg348,EX_01,EX-S,56,0.002601560936561937,0.0016009605763458077,0.0024014408645187117,0.0020012007204322593,0.9817890734440664,0.0024014408645187117,0.0010006003602161296,0.0010006003602161296,0.0028016810086051633,0.0010006003602161296,0.0014008405043025817
883779813_Pg348_23.fsa,Pg348,EX_01,EX-S,57,0.005797680927628949,0.0015993602558976412,0.006797281087564975,0.0037984806077568972,0.9508196721311476,0.002399040383846462,9.996001599360256e-4,0.010395841663334668,0.010795681727309077,9.996001599360256e-4,0.005597760895641743
883779813_Pg348_24.fsa,Pg348,EX_01,EX-S,58,0.0044,0.0038,0.0036000000000000003,0.0026000000000000003,0.9554,0.0022,0.0078,0.008,0.0024000000000000002,0.006,0.0038
883779813_Pg349_01.fsa,Pg349,KY_01,KY,59,0.014788169464428458,0.503796962430056,0.004796163069544365,0.005795363709032774,0.33073541167066345,0.002797761790567546,0.004996003197442047,0.026179056754596326,0.09092725819344524,0.001798561151079137,0.013389288569144685
883779813_Pg349_02.fsa,Pg349,KY_01,KY,60,0.004798080767692924,0.576969212315074,0.0075969612155137945,0.007996801279488205,0.3804478208716513,0.002399040383846462,0.003598560575769692,0.005397840863654539,0.0029988004798080768,9.996001599360256e-4,0.006797281087564975
883779813_Pg349_03.fsa,Pg349,KY_01,KY,61,0.0040016006402561035,0.5634253701480593,0.01480592236894758,0.01320528211284514,0.38875550220088034,0.0026010404161664674,0.0010004001600640259,0.002400960384153662,0.005602240896358544,0.0016006402561024413,0.0026010404161664674
883779813_Pg349_04.fsa,Pg349,KY_01,KY,62,0.002802802802802803,0.5751751751751752,0.003803803803803804,0.013013013013013016,0.39219219219219215,0.0036036036036036045,0.0012012012012012014,0.0010010010010010012,0.003803803803803804,0.0014014014014014015,0.002002002002002003
883779813_Pg349_07.fsa,Pg349,KY_01,KY,63,0.0020024028834601526,0.5875050060072087,0.0022026431718061676,0.009211053263916703,0.38486183420104125,0.00460552663195835,0.0010012014417300763,0.0010012014417300763,0.002202643171806167,0.0014016820184221067,0.004004805766920304
883779813_Pg349_08.fsa,Pg349,KY_01,KY,64,0.002,0.5886,0.0021999999999999997,0.0024000000000000002,0.3932,0.0024000000000000002,0.0016,0.0016,0.0028,0.0012000000000000001,0.002
883779813_Pg349_09.fsa,Pg349,KY_01,KY,65,0.0026005201040208044,0.5879175835167033,0.0026005201040208044,0.0034006801360272057,0.39347869573914784,0.002000400080016003,0.0010002000400080016,0.0010002000400080016,0.003600720144028806,0.0010002000400080016,0.0014002800560112022
883779813_Pg349_10.fsa,Pg349,KY_01,KY,66,0.00599880023995201,0.5768846230753849,0.007398520295940813,0.008598280343931213,0.384123175364927,0.008198360327934414,9.998000399920016e-4,0.0015996800639872027,0.002399520095980804,0.0013997200559888023,0.002399520095980804
883779813_Pg349_11.fsa,Pg349,KY_01,KY,67,0.016413130504403524,0.5584467574059248,0.0038030424339471573,0.0036028823058446755,0.4017213771016813,0.0030024019215372294,0.0014011208967173738,0.001801441152922338,0.00700560448358687,0.0010008006405124099,0.001801441152922338
883779813_Pg349_12.fsa,Pg349,KY_01,KY,68,0.0027988804478208725,0.5789684126349461,0.0031987205117952828,0.009796081567373053,0.38684526189524193,0.0047980807676929246,9.996001599360258e-4,0.0011995201919232311,0.0029988004798080776,9.996001599360258e-4,0.007397041183526592
883779813_Pg349_13.fsa,Pg349,KY_01,KY,69,0.005205205205205206,0.5807807807807808,0.0030030030030030034,0.006806806806806807,0.38618618618618616,0.005405405405405407,0.002202202202202203,0.0018018018018018023,0.0020020020020020024,0.003403403403403404,0.0032032032032032038
883779813_Pg349_14.fsa,Pg349,KY_01,KY,70,0.001999600079984003,0.5886822635472906,0.0027994401119776045,0.003999200159968006,0.39352129574085176,0.001999600079984003,9.998000399920016e-4,0.001199760047990402,0.002399520095980804,9.998000399920016e-4,0.0013997200559888023
883779813_Pg349_15.fsa,Pg349,KY_01,KY,71,0.0016016016016016017,0.5865865865865866,0.015815815815815818,0.01641641641641642,0.363963963963964,0.007007007007007008,0.0024024024024024027,0.0016016016016016017,0.0014014014014014013,0.0012012012012012014,0.002002002002002002
883779813_Pg349_16.fsa,Pg349,KY_01,KY,72,0.0032006401280256056,0.5649129825965193,0.0038007601520304063,0.005601120224044809,0.3884776955391078,0.010802160432086419,0.003400680136027206,0.0014002800560112022,0.007001400280056013,0.006801360272054412,0.004600920184036807
883779813_Pg349_17.fsa,Pg349,KY_01,KY,73,0.0022017614091273015,0.5840672538030425,0.0026020816653322663,0.005204163330664531,0.3897117694155325,0.006605284227381905,0.001601281024819856,0.001401120896717374,0.0022017614091273015,0.002802241793434748,0.001601281024819856
883779813_Pg349_18.fsa,Pg349,KY_01,KY,74,0.001600640256102441,0.5828331332533013,0.003001200480192077,0.002200880352140856,0.39395758303321327,0.002200880352140856,0.001600640256102441,0.001600640256102441,0.007402961184473788,0.0020008003201280513,0.001600640256102441
883779813_Pg349_19.fsa,Pg349,KY_01,KY,75,0.011402280456091218,0.5287057411482297,0.007801560312062413,0.009801960392078417,0.4030806161232246,0.0028005601120224045,0.0010002000400080016,0.0028005601120224045,0.027005401080216047,0.002600520104020805,0.003000600120024005
883779813_Pg349_20.fsa,Pg349,KY_01,KY,76,0.0016,0.5811999999999999,0.0052,0.0038000000000000004,0.39679999999999993,0.0036000000000000003,0.0012000000000000001,0.0016,0.0024000000000000002,0.001,0.0016
883779813_Pg349_21.fsa,Pg349,KY_01,KY,77,0.002002402883460152,0.5885062074489387,0.0030036043251902285,0.0028033640368442135,0.39387264717661197,0.0024028834601521826,0.001001201441730076,0.0016019223067681217,0.002202643171806167,0.001001201441730076,0.0016019223067681217
883779813_Pg349_22.fsa,Pg349,KY_01,KY,78,0.0030018010806483896,0.575745447268361,0.009005403241945167,0.007204322593556135,0.3802281368821293,0.002201320792475486,0.0040024014408645186,0.004202521512907745,0.0028016810086051633,0.001801080648389034,0.009805883530118072
883779813_Pg349_23.fsa,Pg349,KY_01,KY,79,0.0036036036036036037,0.5773773773773774,0.004604604604604604,0.01081081081081081,0.3763763763763764,0.011211211211211212,0.0020020020020020024,0.001001001001001001,0.007007007007007008,0.001001001001001001,0.005005005005005005
883779813_Pg349_24.fsa,Pg349,KY_01,KY,80,0.004599080183963208,0.5750849830033993,0.0031993601279744054,0.0061987602479504095,0.3755248950209958,0.011197760447910416,0.0035992801439712063,0.0017996400719856032,0.011597680463907217,0.004799040191961608,0.002399520095980804
883779813_Pg350_01.fsa,Pg350,KY_03,KY,81,0.0037992401519696063,0.007398520295940811,0.002799440111977604,0.0021995600879824036,0.004399120175964808,0.0021995600879824036,9.998000399920016e-4,9.998000399920016e-4,0.9724055188962207,9.998000399920016e-4,0.0017996400719856032
883779813_Pg350_02.fsa,Pg350,KY_03,KY,82,0.009196321471411436,0.10255897640943623,0.2113154738104758,0.07357057177129149,0.21471411435425827,0.021191523390643747,0.00819672131147541,0.15273890443822474,0.16593362654938024,0.01139544182327069,0.029188324670131945
883779813_Pg350_03.fsa,Pg350,KY_03,KY,83,0.001999600079984003,0.001999600079984003,0.002999400119976005,0.001999600079984003,0.002999400119976005,0.0017996400719856032,0.001999600079984003,9.998000399920016e-4,0.9812037592481504,9.998000399920016e-4,9.998000399920016e-4
883779813_Pg350_04.fsa,Pg350,KY_03,KY,84,0.018000000000000002,0.0066,0.0062,0.010200000000000002,0.0126,0.0078,0.0016,0.001,0.9120000000000001,0.0078,0.0162
883779813_Pg350_05.fsa,Pg350,KY_03,KY,85,0.004204204204204205,0.16536536536536536,0.006006006006006006,0.005005005005005005,0.1657657657657658,0.0024024024024024027,0.001001001001001001,0.001001001001001001,0.6472472472472472,0.001001001001001001,0.001001001001001001
883779813_Pg350_06.fsa,Pg350,KY_03,KY,86,0.004603682946357087,0.0030024019215372302,0.012409927942353882,0.0032025620496397124,0.010408326661329063,0.00500400320256205,0.0042033626901521225,0.0042033626901521225,0.9441553242594075,0.005804643714971978,0.0030024019215372302
883779813_Pg350_07.fsa,Pg350,KY_03,KY,87,0.002,0.005200000000000001,0.0236,0.0028000000000000004,0.005200000000000001,0.005,0.0016,0.001,0.9506,0.001,0.0020000000000000005
883779813_Pg350_08.fsa,Pg350,KY_03,KY,88,0.0020008003201280513,0.008403361344537816,0.019407763105242098,0.00820328131252501,0.0024009603841536617,0.002601040416166467,0.007803121248499401,0.005202080832332934,0.9357743097238895,0.0020008003201280513,0.006202480992396959
883779813_Pg350_09.fsa,Pg350,KY_03,KY,89,0.003,0.002,0.002,0.002,0.002,0.002,0.001,0.001,0.9823999999999999,0.001,0.0016
883779813_Pg350_10.fsa,Pg350,KY_03,KY,90,0.0020024028834601526,0.005606728073688427,0.006808169803764517,0.0058069683620344415,0.16960352422907493,0.0020024028834601526,0.0020024028834601526,0.0020024028834601526,0.8011613936724069,0.0010012014417300763,0.0020024028834601526
883779813_Pg350_11.fsa,Pg350,KY_03,KY,91,0.0020008003201280513,0.004001600640256103,0.003001200480192077,0.003001200480192077,0.005802320928371349,0.003001200480192077,0.0020008003201280513,0.001600640256102441,0.97218887555022,0.0010004001600640256,0.0024009603841536617
883779813_Pg350_12.fsa,Pg350,KY_03,KY,92,0.0024009603841536617,0.0034013605442176874,0.025010004001600642,0.005802320928371349,0.003001200480192077,0.007202881152460984,0.0020008003201280513,0.0020008003201280513,0.9423769507803121,0.0010004001600640256,0.005802320928371348
883779813_Pg350_13.fsa,Pg350,KY_03,KY,93,0.005402160864345739,0.0020008003201280513,0.004001600640256103,0.0034013605442176865,0.012204881952781112,0.006602641056422569,0.0010004001600640256,0.0010004001600640256,0.9599839935974389,0.0020008003201280513,0.0024009603841536617
883779813_Pg350_14.fsa,Pg350,KY_03,KY,94,0.001998800719568259,0.0025984409354387365,0.005996402158704776,0.002198680791525085,0.0023985608634819106,0.007995202878273036,0.005196881870877473,0.005396761942834299,0.9602238656805916,0.002998201079352388,0.002998201079352388
883779813_Pg350_15.fsa,Pg350,KY_03,KY,95,0.007601520304060812,0.0022004400880176033,0.015603120624124825,0.00640128025605121,0.08081616323264652,0.027805561112222446,0.0014002800560112022,0.0014002800560112022,0.8511702340468094,0.002000400080016003,0.0036007201440288058
883779813_Pg350_16.fsa,Pg350,KY_03,KY,96,0.004796163069544365,0.056155075939248615,0.005395683453237411,0.0027977617905675456,0.048361310951239016,0.008193445243804958,9.992006394884093e-4,0.001798561151079137,0.8685051958433254,9.992006394884093e-4,0.0019984012789768186
883779813_Pg350_17.fsa,Pg350,KY_03,KY,97,0.001999200319872051,0.004798080767692924,0.001999200319872051,0.005597760895641742,0.004798080767692924,0.002598960415833667,9.996001599360256e-4,9.996001599360256e-4,0.9678128748500601,9.996001599360256e-4,0.007397041183526591
883779813_Pg350_18.fsa,Pg350,KY_03,KY,98,0.01639344262295082,0.009796081567373051,0.029988004798080767,0.0819672131147541,0.04238304678128749,0.6727309076369452,0.009596161535385847,0.00619752099160336,0.09016393442622953,0.003998400639744102,0.03678528588564575
883779813_Pg350_19.fsa,Pg350,KY_03,KY,99,0.04066506410256411,0.0020032051282051285,0.03445512820512821,0.0020032051282051285,0.06610576923076923,0.004006410256410257,0.0010016025641025642,0.0010016025641025642,0.8463541666666666,0.0010016025641025642,0.0014022435897435897
883779813_Pg350_20.fsa,Pg350,KY_03,KY,100,0.0018000000000000002,0.0018000000000000002,0.002,0.0024000000000000002,0.002,0.0022,0.001,0.0018000000000000002,0.9812,0.001,0.0028
883779813_Pg350_21.fsa,Pg350,KY_03,KY,101,0.004200000000000001,0.0022,0.013999999999999999,0.0027999999999999995,0.0024000000000000002,0.007400000000000001,0.001,0.0014,0.962,0.001,0.0016
883779813_Pg350_22.fsa,Pg350,KY_03,KY,102,0.0022013207924754855,0.002201320792475485,0.061837102261356816,0.003001801080648389,0.012207324394636782,0.005603362017210326,0.0010006003602161296,0.0016009605763458077,0.9069441664999,0.0010006003602161296,0.0024014408645187117
883779813_Pg351_01.fsa,Pg351,KY_04,KY,103,0.007001400280056012,0.006601320264052811,0.9273854770954191,0.0054010802160432084,0.03180636127225445,0.00660132026405281,0.0010002000400080016,0.0022004400880176033,0.00700140028005601,0.0010002000400080016,0.004000800160032007
883779813_Pg351_02.fsa,Pg351,KY_04,KY,104,0.006197520991603359,0.004998000799680128,0.9206317473010797,0.0033986405437824874,0.003598560575769692,0.007397041183526589,0.005397840863654539,0.006397441023590565,0.006397441023590565,0.03078768492602959,0.004798080767692924
883779813_Pg351_03.fsa,Pg351,KY_04,KY,105,0.0108,0.0026,0.9426,0.0027999999999999995,0.018000000000000002,0.003,0.004200000000000001,0.0021999999999999997,0.0032,0.0086,0.002
883779813_Pg351_04.fsa,Pg351,KY_04,KY,106,0.009601920384076817,0.002000400080016003,0.9651930386077215,0.002600520104020805,0.008401680336067216,0.002000400080016003,0.0012002400480096021,0.0010002000400080016,0.00600120024004801,0.0010002000400080016,0.0010002000400080016
883779813_Pg351_05.fsa,Pg351,KY_04,KY,107,0.003,0.0086,0.7928000000000001,0.1412,0.0038,0.020399999999999995,0.003,0.003,0.0142,0.006,0.004
883779813_Pg351_06.fsa,Pg351,KY_04,KY,108,0.002,0.003999999999999999,0.9558,0.010400000000000001,0.0024000000000000002,0.003,0.003,0.0022,0.007200000000000001,0.0036000000000000003,0.0064
883779813_Pg351_07.fsa,Pg351,KY_04,KY,109,0.0030018010806483887,0.0040024014408645186,0.892735641384831,0.011606964178507102,0.06964178507104263,0.010606363818290972,0.0010006003602161296,0.0014008405043025814,0.0020012007204322593,0.0020012007204322593,0.0020012007204322593
883779813_Pg351_08.fsa,Pg351,KY_04,KY,110,0.0014022435897435895,0.0016025641025641025,0.9725560897435898,0.011017628205128204,0.002604166666666667,0.004407051282051282,0.001001602564102564,0.001001602564102564,0.002003205128205128,0.001001602564102564,0.0014022435897435895
883779813_Pg351_09.fsa,Pg351,KY_04,KY,111,0.004004805766920304,0.002002402883460152,0.9415298358029636,0.007609130957148578,0.010412494993992792,0.025630756908289948,0.0016019223067681217,0.001001201441730076,0.00420504605526632,0.001001201441730076,0.001001201441730076
883779813_Pg351_10.fsa,Pg351,KY_04,KY,112,0.0010008006405124099,0.0022017614091273015,0.977982385908727,0.003602882305844676,0.0024019215372297837,0.0020016012810248197,0.0020016012810248197,0.0010008006405124099,0.005404323458767013,0.0010008006405124099,0.0014011208967173738
883779813_Pg351_11.fsa,Pg351,KY_04,KY,113,0.010397920415916818,0.0025994801039792045,0.8318336332733455,0.0607878424315137,0.0693861227754449,0.011797640471905619,0.003399320135972806,0.002999400119976005,0.0037992401519696063,9.998000399920016e-4,0.001999600079984003
883779813_Pg351_12.fsa,Pg351,KY_04,KY,114,0.0032019211526916145,0.004402641584950969,0.8641184710826496,0.006203722233340003,0.051430858515109056,0.02361416850110066,0.002401440864518711,0.0010006003602161294,0.03582149289573743,0.002001200720432259,0.00580348208925355
883779813_Pg351_13.fsa,Pg351,KY_04,KY,115,0.0550110022004401,0.003400680136027206,0.9139827965593119,0.0040008001600320055,0.0022004400880176037,0.0034006801360272052,0.003000600120024005,0.0024004800960192043,0.006001200240048011,0.002000400080016003,0.004600920184036808
883779813_Pg351_14.fsa,Pg351,KY_04,KY,116,0.05483289973984391,0.0038022813688212928,0.8735241144686813,0.04462677606563938,0.003001801080648389,0.0040024014408645186,0.005003001801080649,0.0020012007204322593,0.003001801080648389,0.0020012007204322593,0.004202521512907746
883779813_Pg351_15.fsa,Pg351,KY_04,KY,117,0.002199120351859256,0.008196721311475409,0.9424230307876849,0.008396641343462612,0.0049980007996801275,0.007996801279488203,0.0023990403838464614,0.001999200319872051,0.0029988004798080763,0.0071971211515393825,0.011195521791283485
883779813_Pg351_16.fsa,Pg351,KY_04,KY,118,0.014197160567886419,0.0021995600879824028,0.9554089182163567,0.0027994401119776037,0.007998400319936011,0.004399120175964806,0.002199560087982403,0.0035992801439712055,0.002999400119976004,0.0019996000799840027,0.0021995600879824028
883779813_Pg351_17.fsa,Pg351,KY_04,KY,119,0.006402561024409764,0.004001600640256103,0.9651860744297719,0.003801520608243297,0.006402561024409764,0.005402160864345739,0.0010004001600640256,0.0010004001600640256,0.003001200480192077,0.0020008003201280513,0.001800720288115246
883779813_Pg351_18.fsa,Pg351,KY_04,KY,120,0.006206206206206207,0.006806806806806806,0.9543543543543543,0.004004004004004004,0.004404404404404406,0.014614614614614612,0.002002002002002002,0.001001001001001001,0.0036036036036036037,0.001001001001001001,0.002002002002002002
883779813_Pg351_19.fsa,Pg351,KY_04,KY,121,0.005802320928371348,0.003001200480192077,0.9677871148459384,0.007202881152460984,0.0022008803521408565,0.003001200480192077,0.0010004001600640256,0.001600640256102441,0.0038015206082432974,0.0010004001600640256,0.0036014405762304926
883779813_Pg351_20.fsa,Pg351,KY_04,KY,122,0.0048067294211896665,0.006208692169036652,0.8802323252553574,0.08932505507710795,0.005407570598838374,0.002203084318045264,0.001001401962747847,0.001001401962747847,0.006609252954135791,0.001001401962747847,0.0022030843180452634
883779813_Pg351_21.fsa,Pg351,KY_04,KY,123,0.0037992401519696063,0.009598080383923216,0.9572085582883424,0.01199760047990402,0.004999000199960008,0.002399520095980804,0.001999600079984003,0.0015996800639872027,0.002999400119976005,0.001199760047990402,0.002199560087982403
883779813_Pg351_22.fsa,Pg351,KY_04,KY,124,0.012597480503899217,0.0027994401119776045,0.9572085582883424,0.0017996400719856032,0.007598480303939213,0.002799440111977604,0.001999600079984003,0.0025994801039792045,0.0069986002799440105,0.0017996400719856032,0.0017996400719856032
883779813_Pg351_23.fsa,Pg351,KY_04,KY,125,0.0031987205117952823,0.0021991203518592563,0.9702119152339064,0.0029988004798080768,0.002598960415833667,0.005797680927628949,0.002598960415833667,0.0017992802878848463,0.0033986405437824866,0.0021991203518592567,0.0029988004798080768
883779813_Pg351_24.fsa,Pg351,KY_04,KY,126,0.0037984806077568964,0.0027988804478208708,0.9344262295081966,0.04178328668532587,0.004198320671731307,0.002199120351859256,0.0019992003198720507,0.002199120351859256,0.0025989604158336665,0.0019992003198720507,0.0019992003198720507
883779813_Pg352_01.fsa,Pg352,KY_05,KY,127,0.0023995200959808045,0.0033993201359728063,0.0023995200959808045,0.002599480103979205,0.0033993201359728054,0.9750049990002,0.0017996400719856034,0.0017996400719856034,0.0019996000799840036,9.998000399920018e-4,0.0041991601679664085
883779813_Pg352_02.fsa,Pg352,KY_05,KY,128,0.004604604604604603,0.002002002002002002,0.0078078078078078076,0.0024024024024024027,0.0048048048048048055,0.9675675675675676,0.0012012012012012014,0.0032032032032032033,0.0022022022022022024,0.0012012012012012014,0.003003003003003003
883779813_Pg352_03.fsa,Pg352,KY_05,KY,129,0.0026005201040208044,0.006801360272054411,0.002400480096019204,0.0040008001600320055,0.001800360072014403,0.9699939987997599,0.0022004400880176037,0.0010002000400080016,0.002000400080016003,0.0022004400880176037,0.005001000200040008
883779813_Pg352_04.fsa,Pg352,KY_05,KY,130,0.00940940940940941,0.001801801801801802,0.0068068068068068074,0.0022022022022022024,0.0048048048048048055,0.9637637637637637,0.0012012012012012014,0.001801801801801802,0.0022022022022022024,0.004004004004004004,0.002002002002002002
883779813_Pg352_05.fsa,Pg352,KY_05,KY,131,0.0050040032025620495,0.11629303442754203,0.01641313050440352,0.020616493194555646,0.0954763811048839,0.7303843074459568,0.001200960768614892,0.0020016012810248206,0.002201761409127302,0.00100080064051241,0.009407526020816653
883779813_Pg352_06.fsa,Pg352,KY_05,KY,132,0.0046,0.0054,0.0044,0.0106,0.0024000000000000002,0.9496,0.0012000000000000001,0.0018000000000000002,0.002,0.0018000000000000002,0.0162
883779813_Pg352_07.fsa,Pg352,KY_05,KY,133,0.001999200319872051,0.0035985605757696926,0.04778088764494202,0.06337465013994402,0.009196321471411436,0.8580567772890844,9.996001599360256e-4,0.005797680927628949,0.005797680927628949,0.001199520191923231,0.0021991203518592567
883779813_Pg352_08.fsa,Pg352,KY_05,KY,134,0.0017992802878848463,0.002598960415833667,0.008996401439424232,0.005597760895641742,0.020991603358656536,0.9234306277489004,0.001999200319872051,0.009396241503398642,0.01739304278288685,0.001999200319872051,0.00579768092762895
883779813_Pg352_09.fsa,Pg352,KY_05,KY,135,0.0021982414068745003,0.0021982414068745003,0.0021982414068745003,0.001199040767386091,0.004996003197442045,0.9786171063149479,0.001998401278976818,0.0017985611510791366,0.001199040767386091,0.0021982414068745003,0.0013988808952837728
883779813_Pg352_10.fsa,Pg352,KY_05,KY,136,0.0023990403838464623,0.005197920831667335,0.002199120351859257,0.0023990403838464623,0.007397041183526591,0.966813274690124,0.0019992003198720516,0.001999200319872052,0.003798480607756898,0.002199120351859257,0.003598560575769693
883779813_Pg352_11.fsa,Pg352,KY_05,KY,137,0.002197802197802198,0.003196803196803197,0.002197802197802198,0.001998001998001998,0.017582417582417582,0.9512487512487512,0.002197802197802198,0.0019980019980019984,0.005794205794205794,0.00979020979020979,0.0017982017982017982
883779813_Pg352_12.fsa,Pg352,KY_05,KY,138,0.001998001998001998,0.0015984015984015984,0.002197802197802198,0.001998001998001998,0.002197802197802198,0.9806193806193806,0.001998001998001998,0.0017982017982017982,0.0011988011988011988,0.0025974025974025974,0.0017982017982017982
883779813_Pg352_13.fsa,Pg352,KY_05,KY,139,0.002000400080016003,0.0016003200640128026,0.0022004400880176037,0.0022004400880176037,0.0022004400880176037,0.9831966393278655,0.001200240048009602,0.0010002000400080016,0.002000400080016003,0.0010002000400080016,0.0014002800560112022
883779813_Pg352_14.fsa,Pg352,KY_05,KY,140,0.0010006003602161296,0.0012007204322593559,0.0022013207924754855,0.0014008405043025817,0.0020012007204322593,0.9849909945967581,0.0010006003602161296,0.0012007204322593559,0.0014008405043025817,0.0022013207924754855,0.0014008405043025817
883779813_Pg352_15.fsa,Pg352,KY_05,KY,141,0.0013986013986013988,0.0017982017982017986,0.0019980019980019984,0.0021978021978021982,0.0021978021978021982,0.9830169830169831,0.001198801198801199,9.990009990009992e-4,0.0019980019980019984,0.0017982017982017986,0.0013986013986013988
883779813_Pg352_16.fsa,Pg352,KY_05,KY,142,0.009399999999999999,0.0032,0.0022,0.0022,0.0022,0.9702,0.0036,0.0012000000000000001,0.0012000000000000001,0.0022,0.0024000000000000002
883779813_Pg352_17.fsa,Pg352,KY_05,KY,143,0.0022013207924754855,0.00440264158495097,0.0076045627376425855,0.003001801080648389,0.0024014408645187117,0.9553732239343606,0.0020012007204322593,0.011006603962377426,0.002801681008605163,0.004002401440864518,0.005203121873123874
883779813_Pg352_18.fsa,Pg352,KY_05,KY,144,0.0021991203518592567,0.0017992802878848463,0.0021991203518592567,0.001199520191923231,0.002399040383846462,0.98140743702519,0.0015993602558976412,0.0019992003198720516,0.001199520191923231,0.0021991203518592567,0.0017992802878848463
883779813_Pg352_19.fsa,Pg352,KY_05,KY,145,0.0027994401119776045,0.0021995600879824036,0.002199560087982404,0.002199560087982404,0.0033993201359728054,0.977004599080184,0.0019996000799840036,9.998000399920018e-4,0.003199360127974406,0.002199560087982404,0.0017996400719856034
883779813_Pg352_20.fsa,Pg352,KY_05,KY,146,0.01180236047209442,0.013602720544108823,0.003400680136027205,0.026205241048209642,0.0028005601120224045,0.8789757951590318,0.006601320264052811,0.0010002000400080016,0.002000400080016003,0.002000400080016003,0.051610322064412885
883779813_Pg352_21.fsa,Pg352,KY_05,KY,147,0.0022004400880176037,0.001800360072014403,0.002000400080016003,0.0028005601120224045,0.0022004400880176037,0.9693938787757552,0.002000400080016003,0.0022004400880176033,0.009001800360072013,0.0010002000400080016,0.0054010802160432084
883779813_Pg352_22.fsa,Pg352,KY_05,KY,148,0.0019980019980019984,0.0017982017982017986,0.0019980019980019984,0.0021978021978021982,0.0021978021978021982,0.9830169830169831,0.001198801198801199,9.990009990009992e-4,0.0019980019980019984,0.001198801198801199,0.0013986013986013988
883779813_Pg352_23.fsa,Pg352,KY_05,KY,149,0.0019992003198720507,0.0015993602558976407,0.0019992003198720507,0.002199120351859256,0.002199120351859256,0.983406637345062,0.0011995201919232307,9.996001599360254e-4,0.0019992003198720507,9.996001599360254e-4,0.0013994402239104356
883779813_Pg352_24.fsa,Pg352,KY_05,KY,150,0.001999200319872051,0.0017992802878848463,0.002399040383846462,0.0021991203518592567,0.0033986405437824866,0.9790083966413435,0.001199520191923231,0.0015993602558976412,0.0021991203518592567,0.002399040383846462,0.0017992802878848463
883779813_Pg353_01.fsa,Pg353,EX_02,EX-S,151,0.37835134053621455,0.204281712685074,0.005002000800320129,0.004201680672268909,0.002801120448179272,0.055422168867547035,0.3423369347739096,0.0010004001600640259,0.003601440576230493,0.0010004001600640259,0.002000800320128052
