sample_id,population,population_label,state,sample_order,cluster_1,cluster_2,cluster_3,cluster_4,cluster_5,cluster_6,cluster_7,cluster_8
883779813_Pg346_01.fsa,Pg346,IN_01,IN,1,0.0014002800560112022,0.0016003200640128026,0.004200840168033606,0.001200240048009602,0.0028005601120224045,0.004200840168033606,0.7861572314462892,0.1984396879375875
883779813_Pg346_02.fsa,Pg346,IN_01,IN,2,0.001200240048009602,0.0026005201040208044,0.01820364072814563,0.0014002800560112022,0.0022004400880176037,0.0034006801360272057,0.7691538307661532,0.2018403680736147
883779813_Pg346_03.fsa,Pg346,IN_01,IN,3,0.0012007204322593557,0.0016009605763458075,0.0016009605763458075,0.0010006003602161296,0.0016009605763458075,0.0022013207924754846,0.7904742845707424,0.20032019211526914
883779813_Pg346_04.fsa,Pg346,IN_01,IN,4,0.001800360072014403,0.0016003200640128028,0.0012002400480096021,0.0012002400480096021,0.0016003200640128028,0.0022004400880176037,0.7909581916383277,0.19943988797759554
883779813_Pg346_05.fsa,Pg346,IN_01,IN,5,0.001199760047990402,0.001999600079984003,0.0015996800639872027,0.001199760047990402,0.007398520295940813,0.00599880023995201,0.7824435112977405,0.1981603679264147
883779813_Pg346_06.fsa,Pg346,IN_01,IN,6,0.01040208041608322,0.0022004400880176037,0.0010002000400080016,0.009801960392078417,0.003600720144028806,0.004000800160032007,0.7773554710942188,0.19163832766553313
883779813_Pg346_07.fsa,Pg346,IN_01,IN,7,0.0020004000800160036,0.001800360072014403,0.0014002800560112022,0.0014002800560112022,0.005801160232046409,0.010602120424084817,0.785757151430286,0.1912382476495299
883779813_Pg346_08.fsa,Pg346,IN_01,IN,8,0.0030006001200240046,0.001200240048009602,0.0010002000400080016,0.0014002800560112022,0.005801160232046409,0.006001200240048009,0.78875775155031,0.1928385677135427
883779813_Pg346_09.fsa,Pg346,IN_01,IN,9,0.0015996800639872027,0.0017996400719856032,0.0015996800639872027,0.0013997200559888023,0.004199160167966407,0.004399120175964806,0.788242351529694,0.1967606478704259
883779813_Pg346_10.fsa,Pg346,IN_01,IN,10,0.0014,0.001,0.0016,0.0014,0.0024000000000000002,0.0028,0.79,0.1994
883779813_Pg346_11.fsa,Pg346,IN_01,IN,11,0.0016,0.002,0.0016,0.0014,0.0056,0.0038,0.7824,0.2016
883779813_Pg346_12.fsa,Pg346,IN_01,IN,12,0.0012000000000000001,0.0014,0.0022,0.001,0.002,0.002,0.7904,0.1998
883779813_Pg346_13.fsa,Pg346,IN_01,IN,13,0.0026015609365619375,0.0012007204322593559,0.0018010806483890337,0.0014008405043025817,0.0024014408645187117,0.0022013207924754855,0.7902741644986992,0.19811887132279368
883779813_Pg346_14.fsa,Pg346,IN_01,IN,14,0.0018010806483890337,0.005603362017210327,0.0032019211526916154,0.0020012007204322597,0.008805283169901942,0.005803482089253553,0.7704622773664199,0.2023213928357014
883779813_Pg346_15.fsa,Pg346,IN_01,IN,15,0.0028016810086051638,0.0014008405043025817,0.0010006003602161296,0.0014008405043025817,0.0054032419451671004,0.017010206123674203,0.777666599959976,0.19331598959375623
883779813_Pg346_16.fsa,Pg346,IN_01,IN,16,0.0016022431403965552,0.0012016823552974164,0.001001401962747847,0.0012016823552974164,0.0016022431403965552,0.0018025235329461246,0.792509513318646,0.19907871019427198
883779813_Pg346_17.fsa,Pg346,IN_01,IN,17,0.0021999999999999997,0.0012000000000000001,0.0064,0.0012000000000000001,0.0066,0.0032,0.783,0.19619999999999999
883779813_Pg346_18.fsa,Pg346,IN_01,IN,18,0.001199760047990402,9.998000399920016e-4,0.0015996800639872027,0.001199760047990402,0.0021995600879824036,0.03679264147170566,0.765246950609878,0.1907618476304739
883779813_Pg346_19.fsa,Pg346,IN_01,IN,19,0.0026005201040208044,0.0028005601120224045,0.0022004400880176037,0.002800560112022405,0.0038007601520304063,0.005601120224044808,0.7715543108621725,0.2086417283456691
883779813_Pg346_20.fsa,Pg346,IN_01,IN,20,0.001600960576345808,0.001600960576345808,0.006403842305383232,0.0010006003602161299,0.004002401440864519,0.0034020412247348416,0.7530518310986593,0.22893736241745044
883779813_Pg346_21.fsa,Pg346,IN_01,IN,21,0.0017996400719856032,0.0013997200559888023,0.001199760047990402,0.0057988402319536095,0.0015996800639872027,0.013397320535892822,0.7726454709058188,0.20215956808638272
883779813_Pg346_22.fsa,Pg346,IN_01,IN,22,0.0014002800560112022,0.001800360072014403,0.0012002400480096021,0.0012002400480096021,0.002000400080016003,0.0022004400880176037,0.7857571514302861,0.2044408881776355
883779813_Pg346_23.fsa,Pg346,IN_01,IN,23,0.0018007202881152463,0.0018007202881152463,0.0010004001600640256,0.0012004801920768309,0.0022008803521408565,0.0026010404161664665,0.7903161264505802,0.1990796318527411
883779813_Pg346_24.fsa,Pg346,IN_01,IN,24,0.0016003200640128028,0.0014002800560112022,0.0014002800560112022,0.0010002000400080016,0.003000600120024005,0.0024004800960192043,0.7893578715743148,0.19983996799359874
883779813_Pg347_01.fsa,Pg347,KY_02,KY,25,0.0064,0.0026000000000000003,0.0016,0.0034000000000000002,0.008799999999999999,0.1964,0.5795999999999999,0.2012
883779813_Pg347_02.fsa,Pg347,KY_02,KY,26,0.015012009607686151,0.0010008006405124099,0.0010008006405124099,0.005404323458767013,0.004603682946357085,0.20296236989591673,0.5778622898318655,0.19215372297838268
883779813_Pg347_03.fsa,Pg347,KY_02,KY,27,0.024980015987210235,0.004596322941646683,0.0033972821742605922,0.006195043964828137,0.028776978417266192,0.22082334132693848,0.5129896083133494,0.1982414068745004
883779813_Pg347_11.fsa,Pg347,KY_02,KY,28,0.008593125499600321,0.0025979216626698647,0.005395683453237411,0.019584332533972824,0.03477218225419665,0.21223021582733814,0.547761790567546,0.16906474820143885
883779813_Pg347_12.fsa,Pg347,KY_02,KY,29,0.004402641584950971,0.0014008405043025817,0.0016009605763458077,0.017410446267760657,0.0032019211526916154,0.19571743045827497,0.5711426856113668,0.20512307384430659
883779813_Pg347_17.fsa,Pg347,KY_02,KY,30,0.002401921537229784,0.001401120896717374,0.001401120896717374,0.008406725380304245,0.008406725380304245,0.20256204963971175,0.5802642113690952,0.19515612489991996
883779813_Pg347_18.fsa,Pg347,KY_02,KY,31,0.004597241655006996,0.003198081151309215,0.007995202878273037,0.012992204677193685,0.045572656406156306,0.20167899260443733,0.543074155506696,0.18089146512092744
883779813_Pg347_21.fsa,Pg347,KY_02,KY,32,0.03599280143971206,0.017596480703859226,0.0035992801439712063,0.00599880023995201,0.002399520095980804,0.18956208758248352,0.5400919816036793,0.20475904819036195
883779813_Pg347_22.fsa,Pg347,KY_02,KY,33,0.0018007202881152463,0.0034013605442176874,0.008003201280512205,0.0014005602240896359,0.015006002400960384,0.2705082032813126,0.5280112044817927,0.1718687474989996
883779813_Pg347_23.fsa,Pg347,KY_02,KY,34,0.0018010806483890337,0.0012007204322593559,0.0018010806483890337,0.0014008405043025817,0.014808885331198722,0.25675405243145893,0.5471282769661797,0.1751050630378227
883779813_Pg348_01.fsa,Pg348,EX_01,EX-S,35,0.0038030424339471577,0.001401120896717374,0.001200960768614892,0.002201761409127302,0.00600480384307446,0.1989591673338671,0.5890712570056045,0.19735788630904724
883779813_Pg348_02.fsa,Pg348,EX_01,EX-S,36,0.0013997200559888023,0.0017996400719856032,0.0013997200559888023,9.998000399920016e-4,0.001999600079984003,0.001999600079984003,0.002399520095980804,0.9880023995200959
883779813_Pg348_03.fsa,Pg348,EX_01,EX-S,37,0.0021986807915250852,0.0019988007195682594,0.0013991605036977814,0.0013991605036977814,0.0019988007195682594,0.0019988007195682594,0.002398560863481911,0.9866080351788927
883779813_Pg348_04.fsa,Pg348,EX_01,EX-S,38,0.0024000000000000002,0.0028,0.002,0.0022,0.004200000000000001,0.1986,0.5875999999999999,0.2002
883779813_Pg348_05.fsa,Pg348,EX_01,EX-S,39,0.03541416566626651,0.002200880352140856,0.001600640256102441,0.004601840736294518,0.018607442977190875,0.2154861944777911,0.5332132853141256,0.18887555022008806
883779813_Pg348_06.fsa,Pg348,EX_01,EX-S,40,0.0032025620496397124,0.001401120896717374,0.001401120896717374,0.0018014411529223382,0.002802241793434748,0.19895916733386712,0.588070456365092,0.2023618895116093
883779813_Pg348_07.fsa,Pg348,EX_01,EX-S,41,0.0010006003602161296,0.0014008405043025817,0.0010006003602161296,0.0010006003602161296,0.0024014408645187117,0.20112067240344206,0.5919551731038624,0.20012007204322596
883779813_Pg348_08.fsa,Pg348,EX_01,EX-S,42,0.0016009605763458077,0.0028016810086051638,0.0010006003602161296,0.0012007204322593559,0.0032019211526916154,0.19951971182709627,0.5869521713027817,0.20372223334000403
883779813_Pg348_09.fsa,Pg348,EX_01,EX-S,43,0.005201040208041608,0.003800760152030406,0.0022004400880176037,0.001800360072014403,0.014802960592118422,0.21544308861772352,0.5667133426685337,0.19003800760152031
883779813_Pg348_10.fsa,Pg348,EX_01,EX-S,44,0.0014005602240896359,0.0010004001600640256,0.0010004001600640256,0.0012004801920768309,0.0022008803521408565,0.20028011204481794,0.5930372148859544,0.19987995198079234
883779813_Pg348_11.fsa,Pg348,EX_01,EX-S,45,0.005003001801080649,0.0010006003602161296,0.0010006003602161296,0.0012007204322593559,0.007404442665599359,0.22993796277766662,0.5715429257554532,0.18290974584750852
883779813_Pg348_12.fsa,Pg348,EX_01,EX-S,46,0.0014014014014014013,0.0020020020020020024,0.001001001001001001,0.0012012012012012014,0.0036036036036036037,0.1997997997997998,0.5903903903903904,0.2006006006006006
883779813_Pg348_13.fsa,Pg348,EX_01,EX-S,47,0.0022004400880176037,0.001800360072014403,0.0010002000400080016,0.0014002800560112022,0.0044008801760352075,0.1998399679935987,0.5889177835567113,0.20044008801760352
883779813_Pg348_14.fsa,Pg348,EX_01,EX-S,48,0.002600520104020805,0.002000400080016003,0.0012002400480096021,0.0014002800560112022,0.008401680336067216,0.21704340868173636,0.5681136227245449,0.19923984796959393
883779813_Pg348_15.fsa,Pg348,EX_01,EX-S,49,0.001800720288115246,0.001600640256102441,0.001600640256102441,0.0024009603841536617,0.0034013605442176874,0.19807923169267708,0.5906362545018007,0.2004801920768307
883779813_Pg348_16.fsa,Pg348,EX_01,EX-S,50,0.0020016012810248206,0.0018014411529223382,0.00200160128102482,0.001601281024819856,0.004403522818254604,0.11549239391513212,0.33767013610888713,0.5350280224179343
883779813_Pg348_17.fsa,Pg348,EX_01,EX-S,51,0.0012002400480096021,0.0012002400480096021,0.0012002400480096021,0.0012002400480096021,0.0032006401280256056,0.10782156431286256,0.16283256651330266,0.7213442688537708
883779813_Pg348_18.fsa,Pg348,EX_01,EX-S,52,0.0014005602240896359,0.0024009603841536617,0.0014005602240896359,0.0010004001600640256,0.0020008003201280513,0.001600640256102441,0.0022008803521408565,0.9879951980792316
883779813_Pg348_19.fsa,Pg348,EX_01,EX-S,53,0.002598440935438737,0.0021986807915250852,0.0015990405756546075,0.0017989206476114335,0.00979412352588447,0.10993403957625426,0.2944233459924046,0.5776534079552269
883779813_Pg348_20.fsa,Pg348,EX_01,EX-S,54,0.0010004001600640256,0.0014005602240896359,0.0010004001600640256,0.0010004001600640256,0.0024009603841536617,0.0020008003201280513,0.0024009603841536617,0.988795518207283
883779813_Pg348_21.fsa,Pg348,EX_01,EX-S,55,0.0029988004798080768,0.0033986405437824874,0.0025989604158336665,0.0021991203518592563,0.005797680927628949,0.12075169932027188,0.4310275889644143,0.43122750899640144
883779813_Pg348_22.fsa,Pg348,EX_01,EX-S,56,0.001600320064012803,0.0014002800560112025,0.0014002800560112025,0.001600320064012803,0.0044008801760352075,0.20144028805761152,0.5881176235247049,0.20004000800160038
883779813_Pg348_23.fsa,Pg348,EX_01,EX-S,57,0.0021982414068745008,0.0037969624300559558,0.001998401278976819,0.014188649080735414,0.0077937649880095924,0.21023181454836132,0.569744204636291,0.19004796163069543
883779813_Pg348_24.fsa,Pg348,EX_01,EX-S,58,0.0057988402319536095,0.007398520295940813,0.014397120575884825,0.01119776044791042,0.006798640271945612,0.19556088782243553,0.5700859828034394,0.18876224755048993
883779813_Pg349_01.fsa,Pg349,KY_01,KY,59,0.18032786885245902,0.0033986405437824874,0.012994802079168331,0.2061175529788085,0.004398240703718513,0.2576969212315074,0.3320671731307477,0.0029988004798080768
883779813_Pg349_02.fsa,Pg349,KY_01,KY,60,0.19696060787842432,0.0015996800639872027,0.004399120175964806,0.1983603279344131,0.0069986002799440105,0.19696060787842432,0.392121575684863,0.0025994801039792045
883779813_Pg349_03.fsa,Pg349,KY_01,KY,61,0.19755804643714972,0.0018014411529223382,0.001200960768614892,0.1977582065652522,0.013811048839071258,0.19975980784627703,0.38570856685348276,0.002401921537229784
883779813_Pg349_04.fsa,Pg349,KY_01,KY,62,0.1977582065652522,0.001601281024819856,0.00100080064051241,0.1977582065652522,0.0034027221777421933,0.1991593274619696,0.3961168935148118,0.003202562049639712
883779813_Pg349_07.fsa,Pg349,KY_01,KY,63,0.19827931172468988,0.0018007202881152463,0.0010004001600640256,0.19787915166066428,0.0024009603841536617,0.19507803121248501,0.3987595038015206,0.004801920768307323
883779813_Pg349_08.fsa,Pg349,KY_01,KY,64,0.19871923153892337,0.0014008405043025817,0.0020012007204322593,0.1989193516109666,0.0022013207924754855,0.19951971182709627,0.39443666199719835,0.0028016810086051638
883779813_Pg349_09.fsa,Pg349,KY_01,KY,65,0.1986794717887155,0.0012004801920768309,0.0010004001600640256,0.1986794717887155,0.0028011204481792717,0.20048019207683074,0.3949579831932773,0.0022008803521408565
883779813_Pg349_10.fsa,Pg349,KY_01,KY,66,0.19743948789757954,0.002000400080016003,0.0010002000400080016,0.19703940788157634,0.012602520504100817,0.19643928785757153,0.3856771354270853,0.007801560312062413
883779813_Pg349_11.fsa,Pg349,KY_01,KY,67,0.19876024795040992,0.0015996800639872027,0.0013997200559888023,0.1975604879024195,0.004999000199960009,0.20075984803039393,0.39132173565286943,0.003599280143971206
883779813_Pg349_12.fsa,Pg349,KY_01,KY,68,0.19651791074644787,0.0016009605763458077,0.0010006003602161296,0.19451671002601562,0.003602161296778067,0.19491695017010208,0.40224134480688417,0.0056033620172103275
883779813_Pg349_13.fsa,Pg349,KY_01,KY,69,0.1985602879424115,0.004599080183963208,0.002399520095980804,0.1975604879024195,0.004999000199960009,0.19496100779844033,0.3907218556288742,0.0061987602479504095
883779813_Pg349_14.fsa,Pg349,KY_01,KY,70,0.19911947168300984,0.0012007204322593559,0.0010006003602161296,0.1989193516109666,0.003001801080648389,0.1997198318991395,0.395037022213328,0.0020012007204322593
883779813_Pg349_15.fsa,Pg349,KY_01,KY,71,0.19863972794558912,0.002000400080016003,0.0036007201440288058,0.1982396479295859,0.02000400080016003,0.1952390478095619,0.375875175035007,0.00640128025605121
883779813_Pg349_16.fsa,Pg349,KY_01,KY,72,0.18907563025210083,0.005602240896358544,0.003201280512204882,0.1882753101240496,0.003201280512204882,0.20128051220488194,0.3981592637054822,0.011204481792717089
883779813_Pg349_17.fsa,Pg349,KY_01,KY,73,0.19811887132279368,0.0028016810086051633,0.0016009605763458077,0.19831899139483689,0.0028016810086051638,0.19831899139483689,0.3914348609165499,0.006603962377426456
883779813_Pg349_18.fsa,Pg349,KY_01,KY,74,0.1991601679664067,0.001999600079984003,0.0015996800639872027,0.19876024795040992,0.0025994801039792045,0.2011597680463907,0.39232153569286143,0.002399520095980804
883779813_Pg349_19.fsa,Pg349,KY_01,KY,75,0.1960392078415683,0.003200640128025605,0.001200240048009602,0.1924384876975395,0.009801960392078415,0.21224244848969792,0.38087617523504697,0.004200840168033606
883779813_Pg349_20.fsa,Pg349,KY_01,KY,76,0.1978395679135827,0.001200240048009602,0.0014002800560112022,0.1978395679135827,0.004200840168033607,0.19863972794558912,0.3954790958191638,0.0034006801360272057
883779813_Pg349_21.fsa,Pg349,KY_01,KY,77,0.19911947168300984,0.0014008405043025817,0.0012007204322593559,0.19851911146688014,0.003001801080648389,0.19911947168300984,0.395037022213328,0.0026015609365619375
883779813_Pg349_22.fsa,Pg349,KY_01,KY,78,0.19652139144342265,0.003998400639744102,0.0031987205117952823,0.20351859256297478,0.009996001599360258,0.19612155137944823,0.3842463014794082,0.002399040383846462
883779813_Pg349_23.fsa,Pg349,KY_01,KY,79,0.19427771108443376,0.0014005602240896359,0.0020008003201280517,0.19387755102040818,0.005402160864345739,0.20188075230092037,0.39015606242497003,0.011004401760704283
883779813_Pg349_24.fsa,Pg349,KY_01,KY,80,0.1983206717313075,0.004598160735705718,0.0035985605757696926,0.1979208316673331,0.0033986405437824874,0.20411835265893644,0.3770491803278688,0.010995601759296281
883779813_Pg350_01.fsa,Pg350,KY_03,KY,81,0.0034006801360272057,0.001800360072014403,0.0014002800560112022,0.007801560312062414,0.003800760152030406,0.9697939587917583,0.009601920384076815,0.002400480096019204
883779813_Pg350_02.fsa,Pg350,KY_03,KY,82,0.5412752348590846,0.011593044173495902,0.007995202878273036,0.042574455326803914,0.14131521087347593,0.13551868878672793,0.08594843094143513,0.03377973216070357
883779813_Pg350_03.fsa,Pg350,KY_03,KY,83,0.002199560087982403,0.0013997200559888023,0.002199560087982403,0.0019996000799840036,0.004199160167966408,0.9822035592881423,0.0035992801439712063,0.002199560087982403
883779813_Pg350_04.fsa,Pg350,KY_03,KY,84,0.0013997200559888023,0.005598880223955208,0.0015996800639872027,0.0019996000799840036,0.011197760447910418,0.943011397720456,0.030193961207758455,0.004999000199960009
883779813_Pg350_05.fsa,Pg350,KY_03,KY,85,0.06697321071571372,0.0015993602558976412,0.0013994402239104358,0.07237105157936825,0.00699720111955218,0.7353058776489405,0.11255497800879649,0.0027988804478208716
883779813_Pg350_06.fsa,Pg350,KY_03,KY,86,0.008201640328065614,0.0058011602320464095,0.006001200240048009,0.0034006801360272057,0.015803160632126428,0.9357871574314862,0.015003000600120027,0.010002000400080016
883779813_Pg350_07.fsa,Pg350,KY_03,KY,87,0.004598160735705718,0.0015993602558976412,0.001999200319872051,0.004598160735705718,0.026989204318272696,0.9448220711715315,0.009996001599360255,0.005397840863654539
883779813_Pg350_08.fsa,Pg350,KY_03,KY,88,0.002599480103979204,0.0035992801439712063,0.026594681063787245,0.022795440911817635,0.05038992201559688,0.8786242751449711,0.011197760447910418,0.004199160167966407
883779813_Pg350_09.fsa,Pg350,KY_03,KY,89,0.0012002400480096021,0.0024004800960192043,0.0022004400880176037,0.002000400080016003,0.002600520104020805,0.9835967193438688,0.003400680136027206,0.002600520104020805
883779813_Pg350_10.fsa,Pg350,KY_03,KY,90,0.006802721088435375,0.0018007202881152463,0.002601040416166467,0.0034013605442176865,0.01440576230492197,0.8433373349339737,0.11184473789515809,0.015806322529011606
883779813_Pg350_11.fsa,Pg350,KY_03,KY,91,0.004004004004004005,0.0018018018018018023,0.002402402402402403,0.0032032032032032042,0.0038038038038038045,0.9733733733733734,0.00800800800800801,0.0034034034034034046
883779813_Pg350_12.fsa,Pg350,KY_03,KY,92,0.002399520095980804,0.0017996400719856032,0.003399320135972806,0.0025994801039792045,0.03139372125574885,0.9294141171765646,0.01879624075184963,0.010197960407918417
883779813_Pg350_13.fsa,Pg350,KY_03,KY,93,0.001200240048009602,0.0034006801360272057,0.001200240048009602,0.001800360072014403,0.005001000200040008,0.9767953590718144,0.004800960192038408,0.005801160232046409
883779813_Pg350_14.fsa,Pg350,KY_03,KY,94,0.0031993601279744046,0.0039992001599680055,0.016396720655868825,0.010397920415916816,0.008398320335932812,0.9400119976004798,0.004599080183963206,0.012997400519896016
883779813_Pg350_15.fsa,Pg350,KY_03,KY,95,0.0015990405756546075,0.00439736158305017,0.0017989206476114335,0.0027983210073955628,0.01958824705176894,0.8514891065360783,0.04397361583050171,0.07435538676793924
883779813_Pg350_16.fsa,Pg350,KY_03,KY,96,0.02342342342342342,0.0018018018018018018,0.001001001001001001,0.024824824824824825,0.0052052052052052045,0.9123123123123124,0.024824824824824825,0.006606606606606606
883779813_Pg350_17.fsa,Pg350,KY_03,KY,97,0.002801681008605163,0.0016009605763458077,0.0012007204322593559,0.003802281368821293,0.0022013207924754855,0.9449669801881129,0.03922353412047228,0.004202521512907746
883779813_Pg350_18.fsa,Pg350,KY_03,KY,98,0.011804721888755502,0.00740296118447379,0.010804321728691477,0.004801920768307323,0.04601840736294518,0.08163265306122448,0.08543417366946779,0.7521008403361344
883779813_Pg350_19.fsa,Pg350,KY_03,KY,99,0.001600640256102441,0.012404961984793917,0.0010004001600640256,0.002200880352140856,0.042617046818727494,0.9131652661064426,0.006402561024409764,0.020608243297318928
883779813_Pg350_20.fsa,Pg350,KY_03,KY,100,0.0028011204481792717,0.0018007202881152463,0.0014005602240896359,0.0024009603841536617,0.003001200480192077,0.9749899959983993,0.01020408163265306,0.0034013605442176874
883779813_Pg350_21.fsa,Pg350,KY_03,KY,101,0.0015987210231814548,0.0021982414068745,9.99200639488409e-4,0.0027977617905675456,0.042366107114308556,0.9404476418864908,0.0021982414068745003,0.007394084732214229
883779813_Pg350_22.fsa,Pg350,KY_03,KY,102,0.0020000000000000005,0.0018000000000000002,0.002,0.0021999999999999997,0.05960000000000001,0.9087999999999999,0.009600000000000001,0.014000000000000002
883779813_Pg351_01.fsa,Pg351,KY_04,KY,103,0.0058058058058058064,0.002202202202202202,0.001001001001001001,0.0034034034034034037,0.9383383383383384,0.020420420420420422,0.01901901901901902,0.009809809809809809
883779813_Pg351_02.fsa,Pg351,KY_04,KY,104,0.016999999999999998,0.030400000000000003,0.0076,0.0056,0.9186,0.009200000000000002,0.0036,0.008
883779813_Pg351_03.fsa,Pg351,KY_04,KY,105,0.0034000000000000002,0.0108,0.004,0.0024000000000000002,0.9534,0.0086,0.0098,0.0076
883779813_Pg351_04.fsa,Pg351,KY_04,KY,106,0.0014016820184221067,0.0036043251902282748,0.0010012014417300763,0.0014016820184221067,0.9753704445334401,0.011213456147376854,0.003203844613536244,0.002803364036844214
883779813_Pg351_05.fsa,Pg351,KY_04,KY,107,0.003402041224734841,0.006403842305383231,0.003001801080648389,0.0048028817290374235,0.9483690214128477,0.009605763458074847,0.006003602161296778,0.018411046627976782
883779813_Pg351_06.fsa,Pg351,KY_04,KY,108,0.003396603396603397,0.004195804195804196,0.0029970029970029974,0.002397602397602398,0.9650349650349651,0.0063936063936063945,0.011788211788211789,0.0037962037962037966
883779813_Pg351_07.fsa,Pg351,KY_04,KY,109,0.002599480103979204,0.002399520095980804,0.0013997200559888023,0.003399320135972806,0.9318136372725455,0.01259748050389922,0.02259548090381924,0.023195360927814435
883779813_Pg351_08.fsa,Pg351,KY_04,KY,110,0.0012012012012012014,0.0014014014014014015,0.0010010010010010012,0.0012012012012012014,0.9853853853853854,0.002802802802802803,0.002202202202202203,0.0048048048048048055
883779813_Pg351_09.fsa,Pg351,KY_04,KY,111,0.001200240048009602,0.0020004000800160028,0.0020004000800160028,0.001400280056011202,0.9345869173834767,0.008401680336067212,0.004800960192038408,0.04560912182436488
883779813_Pg351_10.fsa,Pg351,KY_04,KY,112,0.001600640256102441,0.0012004801920768309,0.0020008003201280513,0.002200880352140857,0.9805922368947579,0.007402961184473789,0.003001200480192077,0.0020008003201280513
883779813_Pg351_11.fsa,Pg351,KY_04,KY,113,0.0011997600479904018,0.003399320135972805,0.004199160167966407,0.0019996000799840027,0.951609678064387,0.012397520495900817,0.007998400319936011,0.017196560687862423
883779813_Pg351_12.fsa,Pg351,KY_04,KY,114,0.0022,0.0024000000000000002,0.0024000000000000002,0.0026000000000000003,0.7044,0.11240000000000001,0.11740000000000002,0.05620000000000001
883779813_Pg351_13.fsa,Pg351,KY_04,KY,115,0.0022,0.016599999999999997,0.0034000000000000002,0.0034000000000000002,0.9513999999999999,0.014000000000000002,0.0056,0.0033999999999999994
883779813_Pg351_14.fsa,Pg351,KY_04,KY,116,0.0017992802878848458,0.014594162335065969,0.005397840863654537,0.0031987205117952815,0.9626149540183926,0.005797680927628947,0.0033986405437824866,0.0031987205117952815
883779813_Pg351_15.fsa,Pg351,KY_04,KY,117,0.0035992801439712063,0.004599080183963208,0.002999400119976005,0.002999400119976005,0.959608078384323,0.004599080183963208,0.015796840631873626,0.0057988402319536095
883779813_Pg351_16.fsa,Pg351,KY_04,KY,118,0.006003602161296777,0.006203722233340004,0.0020012007204322593,0.0026015609365619367,0.9657794676806084,0.006203722233340004,0.004802881729037423,0.00640384230538323
883779813_Pg351_17.fsa,Pg351,KY_04,KY,119,0.003202562049639712,0.004203362690152122,0.00100080064051241,0.0020016012810248206,0.9701761409127302,0.00600480384307446,0.005404323458767014,0.00800640512409928
883779813_Pg351_18.fsa,Pg351,KY_04,KY,120,0.0034000000000000002,0.004399999999999999,0.002,0.004200000000000001,0.9625999999999999,0.0064,0.0036000000000000003,0.0134
883779813_Pg351_19.fsa,Pg351,KY_04,KY,121,0.003202562049639712,0.0018014411529223382,0.00100080064051241,0.001601281024819856,0.9819855884707767,0.003602882305844676,0.004203362690152122,0.002602081665332266
883779813_Pg351_20.fsa,Pg351,KY_04,KY,122,0.0016006402561024409,0.002000800320128051,0.0010004001600640254,0.0022008803521408565,0.9809923969587835,0.005802320928371348,0.004001600640256102,0.0024009603841536613
883779813_Pg351_21.fsa,Pg351,KY_04,KY,123,0.0028005601120224045,0.0022004400880176033,0.002000400080016003,0.0024004800960192043,0.9813962792558513,0.003600720144028806,0.003400680136027206,0.0022004400880176033
883779813_Pg351_22.fsa,Pg351,KY_04,KY,124,0.0048,0.0056,0.003,0.0024000000000000002,0.9592,0.0162,0.0048000000000000004,0.003999999999999999
883779813_Pg351_23.fsa,Pg351,KY_04,KY,125,0.002200440088017603,0.0032006401280256047,0.0030006001200240046,0.0020004000800160028,0.9691938387677536,0.006001200240048009,0.006401280256051209,0.00800160032006401
883779813_Pg351_24.fsa,Pg351,KY_04,KY,126,0.003201921152691615,0.0022013207924754846,0.0020012007204322593,0.0018010806483890335,0.9799879927956774,0.004202521512907745,0.004202521512907745,0.0024014408645187113
883779813_Pg352_01.fsa,Pg352,KY_05,KY,127,0.001401120896717374,0.00200160128102482,0.00200160128102482,0.0036028823058446764,0.0022017614091273023,0.002802241793434748,0.005204163330664533,0.9807846277021617
883779813_Pg352_02.fsa,Pg352,KY_05,KY,128,0.0038015206082432974,0.002601040416166467,0.001600640256102441,0.0024009603841536617,0.006602641056422569,0.003801520608243297,0.004201680672268908,0.9749899959983993
883779813_Pg352_03.fsa,Pg352,KY_05,KY,129,0.0025994801039792045,0.00599880023995201,0.0025994801039792045,0.003999200159968007,0.003399320135972806,0.0061987602479504095,0.01899620075984803,0.9562087582483504
883779813_Pg352_04.fsa,Pg352,KY_05,KY,130,0.004001600640256103,0.006802721088435375,0.0012004801920768309,0.001600640256102441,0.00700280112044818,0.004601840736294518,0.004001600640256103,0.9707883153261304
883779813_Pg352_05.fsa,Pg352,KY_05,KY,131,0.03920784156831366,0.0058011602320464095,0.001800360072014403,0.04840968193638728,0.025805161032206442,0.02020404080816163,0.11062212442488498,0.7481496299259852
883779813_Pg352_06.fsa,Pg352,KY_05,KY,132,0.0015996800639872027,0.010797840431913617,0.001999600079984003,0.0025994801039792045,0.005798840231953609,0.0031993601279744054,0.04339132173565286,0.930613877224555
883779813_Pg352_07.fsa,Pg352,KY_05,KY,133,0.004,0.0016,0.0018000000000000002,0.005,0.10539999999999998,0.0062,0.0066,0.8694000000000001
883779813_Pg352_08.fsa,Pg352,KY_05,KY,134,0.00599880023995201,0.002399520095980804,0.0019996000799840036,0.007398520295940813,0.006398720255948811,0.016196760647870425,0.014597080583883221,0.94501099780044
883779813_Pg352_09.fsa,Pg352,KY_05,KY,135,0.0029970029970029974,0.0021978021978021982,0.002397602397602398,0.0019980019980019984,0.0021978021978021982,0.0019980019980019984,0.004195804195804197,0.9820179820179821
883779813_Pg352_10.fsa,Pg352,KY_05,KY,136,0.0024000000000000002,0.003,0.0024000000000000002,0.004200000000000001,0.0022,0.0054,0.0076,0.9728
883779813_Pg352_11.fsa,Pg352,KY_05,KY,137,0.0032006401280256047,0.009001800360072015,0.0022004400880176033,0.002200440088017603,0.0022004400880176033,0.006001200240048009,0.010802160432086417,0.9643928785757152
883779813_Pg352_12.fsa,Pg352,KY_05,KY,138,0.0025994801039792045,0.0025994801039792045,0.001999600079984003,0.0015996800639872027,0.0021995600879824036,0.001999600079984003,0.0021995600879824036,0.9848030393921215
883779813_Pg352_13.fsa,Pg352,KY_05,KY,139,0.0012002400480096024,0.0014002800560112025,0.0014002800560112025,0.0012002400480096024,0.0024004800960192047,0.0020004000800160036,0.0028005601120224054,0.9875975195039008
883779813_Pg352_14.fsa,Pg352,KY_05,KY,140,0.001999200319872051,0.001999200319872051,9.996001599360256e-4,9.996001599360256e-4,0.001999200319872051,0.001999200319872051,0.001999200319872051,0.9880047980807678
883779813_Pg352_15.fsa,Pg352,KY_05,KY,141,0.001199520191923231,0.0017992802878848463,0.0013994402239104358,0.001199520191923231,0.0021991203518592567,0.001999200319872051,0.002399040383846462,0.9878048780487805
883779813_Pg352_16.fsa,Pg352,KY_05,KY,142,0.0016,0.0112,0.005599999999999999,0.0016,0.0028000000000000004,0.002,0.0042,0.9709999999999999
883779813_Pg352_17.fsa,Pg352,KY_05,KY,143,0.02482979575490589,0.004605526631958351,0.0026031237484981985,0.003203844613536244,0.0046055266319583515,0.003203844613536244,0.005006007208650381,0.9519423307969563
883779813_Pg352_18.fsa,Pg352,KY_05,KY,144,0.002399520095980804,0.002399520095980804,0.001999600079984003,0.001999600079984003,0.001999600079984003,0.0017996400719856032,0.002399520095980804,0.98500299940012
883779813_Pg352_19.fsa,Pg352,KY_05,KY,145,0.0014014014014014013,0.002602602602602603,0.002002002002002002,0.0012012012012012014,0.0022022022022022024,0.0032032032032032033,0.0038038038038038036,0.9835835835835837
883779813_Pg352_20.fsa,Pg352,KY_05,KY,146,0.002199560087982403,0.0549890021995601,0.0065986802639472104,0.002199560087982404,0.0037992401519696063,0.0037992401519696063,0.09378124375124976,0.832633473305339
883779813_Pg352_21.fsa,Pg352,KY_05,KY,147,0.001199760047990402,0.0029994001199760054,0.002199560087982403,0.004999000199960009,0.001999600079984003,0.007598480303939213,0.004799040191961608,0.9742051589682064
883779813_Pg352_22.fsa,Pg352,KY_05,KY,148,0.0012000000000000001,0.0016,0.0014,0.0012000000000000001,0.002,0.002,0.0026000000000000003,0.9879999999999999
883779813_Pg352_23.fsa,Pg352,KY_05,KY,149,0.0012002400480096021,0.0012002400480096021,0.0014002800560112022,0.0012002400480096021,0.0022004400880176037,0.002000400080016003,0.002600520104020805,0.9881976395279055
883779813_Pg352_24.fsa,Pg352,KY_05,KY,150,0.002399520095980804,0.0025994801039792045,0.0017996400719856032,0.0017996400719856032,0.002399520095980804,0.002399520095980804,0.0027994401119776045,0.9838032393521295
883779813_Pg353_01.fsa,Pg353,EX_02,EX-S,151,0.0034013605442176874,0.10444177671068428,0.6738695478191276,0.001800720288115246,0.0668267306922769,0.04101640656262505,0.007603041216486595,0.10104041616646658
883779813_Pg353_02.fsa,Pg353,EX_02,EX-S,152,0.005201040208041607,0.06861372274454891,0.8349669933986797,0.004200840168033607,0.05321064212842568,0.014602920584116823,0.005401080216043208,0.013802760552110422
883779813_Pg353_03.fsa,Pg353,EX_02,EX-S,153,0.0014005602240896359,0.2036814725890356,0.13465386154461784,0.002801120448179272,0.3165266106442577,0.3129251700680272,0.0038015206082432974,0.024209683873549416
883779813_Pg353_04.fsa,Pg353,EX_02,EX-S,154,0.021178821178821184,0.14165834165834165,0.09150849150849152,0.012587412587412588,0.19680319680319683,0.16663336663336664,0.0053946053946053955,0.36423576423576426
883779813_Pg353_05.fsa,Pg353,EX_02,EX-S,155,0.07278544291141772,0.17016596680663867,0.02319536092781444,0.01139772045590882,0.45990801839632073,0.15136972605478904,0.009798040391921616,0.10137972405518897
883779813_Pg353_06.fsa,Pg353,EX_02,EX-S,156,0.0029988004798080768,0.11595361855257896,0.5901639344262296,0.0029988004798080768,0.1321471411435426,0.1473410635745702,0.004198320671731307,0.004198320671731308
883779813_Pg353_07.fsa,Pg353,EX_02,EX-S,157,0.0018000000000000002,0.0021999999999999997,0.986,0.0018000000000000002,0.002,0.002,0.002,0.0022
883779813_Pg353_08.fsa,Pg353,EX_02,EX-S,158,0.003998400639744102,0.20151939224310278,0.06417433026789283,0.011395441823270694,0.4072371051579368,0.3052778888444622,0.0033986405437824874,0.0029988004798080768
883779813_Pg353_09.fsa,Pg353,EX_02,EX-S,159,0.005597760895641742,0.19752099160335868,0.04218312674930028,0.019592163134746102,0.3902439024390244,0.3404638144742103,0.002399040383846462,0.001999200319872051
883779813_Pg353_10.fsa,Pg353,EX_02,EX-S,160,0.012199999999999999,0.1982,0.2814,0.0172,0.2486,0.23839999999999995,0.0022,0.0018000000000000002
883779813_Pg353_11.fsa,Pg353,EX_02,EX-S,161,0.0034006801360272057,0.1964392878575715,0.1880376075215043,0.002600520104020804,0.18203640728145629,0.25085017003400684,0.002000400080016003,0.1746349269853971
883779813_Pg353_12.fsa,Pg353,EX_02,EX-S,162,0.0034000000000000002,0.1302,0.4524,0.0032,0.1938,0.20860000000000004,0.004399999999999999,0.004
883779813_Pg353_13.fsa,Pg353,EX_02,EX-S,163,0.0017996400719856032,0.1879624075184963,0.2565486902619476,0.0031993601279744054,0.2723455308938213,0.26174765046990606,0.0031993601279744054,0.013197360527894421
883779813_Pg353_14.fsa,Pg353,EX_02,EX-S,164,0.0019988007195682594,0.0415750549670198,0.8039176494103538,0.0019988007195682594,0.07495502698380972,0.05416749950029983,0.018189086548071158,0.003198081151309215
883779813_Pg353_15.fsa,Pg353,EX_02,EX-S,165,0.003800760152030406,0.1878375675135027,0.4278855771154231,0.002400480096019204,0.19383876775355072,0.17863572714542908,0.002400480096019204,0.0032006401280256047
883779813_Pg353_16.fsa,Pg353,EX_02,EX-S,166,0.0016003200640128026,0.1992398479695939,0.002800560112022405,0.0016003200640128026,0.43408681736347265,0.33666733346669336,0.005201040208041609,0.01880376075215043
883779813_Pg353_17.fsa,Pg353,EX_02,EX-S,167,0.005002000800320128,0.13005202080832332,0.4807923169267707,0.0028011204481792717,0.19267707082833135,0.1788715486194478,0.006802721088435373,0.003001200480192077
883779813_Pg353_18.fsa,Pg353,EX_02,EX-S,168,0.0021986807915250852,0.11553068159104538,0.5126923845692585,0.0021986807915250852,0.1820907455526684,0.17249650209874076,0.006196282230661604,0.006596042374575255
883779813_Pg353_19.fsa,Pg353,EX_02,EX-S,169,0.0013997200559888023,0.0065986802639472104,0.6060787842431513,0.002199560087982403,0.002199560087982403,0.0017996400719856032,0.0025994801039792045,0.377124575084983
883779813_Pg353_20.fsa,Pg353,EX_02,EX-S,170,0.006202480992396958,0.06722689075630252,0.7787114845938375,0.005002000800320127,0.026410564225690273,0.00940376150460184,0.011604641856742698,0.09543817527010805
883779813_Pg353_21.fsa,Pg353,EX_02,EX-S,171,0.0016,0.1992,0.0732,0.0020000000000000005,0.31239999999999996,0.3366,0.008400000000000001,0.06660000000000002
883779813_Pg353_22.fsa,Pg353,EX_02,EX-S,172,0.022391043582566973,0.13194722111155538,0.08476609356257499,0.01359456217512995,0.19352259096361454,0.19252299080367855,0.008396641343462616,0.35285885645741705
883779813_Pg353_23.fsa,Pg353,EX_02,EX-S,173,0.001999600079984003,0.016796640671865627,0.9486102779444111,0.001999600079984003,0.007598480303939213,0.0075984803039392135,0.008798240351929613,0.0065986802639472104
883779813_Pg353_24.fsa,Pg353,EX_02,EX-S,174,0.005602240896358543,0.09203681472589036,0.2394957983193277,0.00820328131252501,0.006202480992396959,0.006002400960384154,0.004001600640256102,0.6384553821528611
883779813_Pg354_01.fsa,Pg354,KY_06,KY,175,0.012400000000000001,0.0024000000000000002,0.002,0.0304,0.9216,0.006,0.0196,0.005600000000000001
883779813_Pg354_02.fsa,Pg354,KY_06,KY,176,0.02819436112777445,0.0021995600879824036,0.009198160367926415,0.06798640271945612,0.7970405918816236,0.014797040591881623,0.07378524295140973,0.00679864027194561
883779813_Pg354_10.fsa,Pg354,KY_06,KY,177,0.0025989604158336665,0.002399040383846462,0.001999200319872051,0.0031987205117952823,0.9452219112355058,0.006797281087564973,0.024990003998400644,0.01279488204718113
883779813_Pg354_11.fsa,Pg354,KY_06,KY,178,0.0028016810086051638,0.0012007204322593559,0.0010006003602161296,0.012207324394636784,0.7534520712427456,0.003001801080648389,0.21733039823894337,0.00900540324194517
883779813_Pg354_12.fsa,Pg354,KY_06,KY,179,0.0218,0.0012000000000000001,0.0018000000000000002,0.0528,0.8527999999999999,0.023399999999999997,0.0422,0.004
883779813_Pg354_13.fsa,Pg354,KY_06,KY,180,0.0038,0.0028,0.002,0.007000000000000001,0.9526,0.0036000000000000003,0.024200000000000003,0.004
883779813_Pg354_14.fsa,Pg354,KY_06,KY,181,0.11373176094343396,0.0021986807915250852,0.0015990405756546075,0.14111533080151908,0.4139516290225864,0.11852888267039777,0.19648211073355987,0.012392564461323207
883779813_Pg354_15.fsa,Pg354,KY_06,KY,182,0.0026000000000000003,0.0018000000000000002,0.002,0.0126,0.9356,0.0056,0.033600000000000005,0.0062
883779813_Pg354_22.fsa,Pg354,KY_06,KY,183,0.003000600120024005,0.002000400080016003,0.0012002400480096021,0.008001600320064011,0.9393878775755151,0.017803560712142435,0.025805161032206442,0.0028005601120224045
883779813_Pg354_23.fsa,Pg354,KY_06,KY,184,0.0016003200640128026,0.001800360072014403,0.001200240048009602,0.003200640128025605,0.9799959991998399,0.0030006001200240046,0.00700140028005601,0.0022004400880176037
883779813_Pg354_24.fsa,Pg354,KY_06,KY,185,0.0018007202881152463,0.002601040416166467,0.005202080832332934,0.0020008003201280517,0.9331732693077232,0.006002400960384154,0.04321728691476591,0.006002400960384154
883779813_Pg355_01.fsa,Pg355,EX_03,EX-S,186,0.0020012007204322593,0.0024014408645187113,0.9895937562537522,0.0018010806483890335,0.0010006003602161296,0.0010006003602161296,0.0010006003602161296,0.0012007204322593557
883779813_Pg355_02.fsa,Pg355,EX_03,EX-S,187,0.0017996400719856032,0.004199160167966407,0.9856028794241152,0.0017996400719856032,0.0013997200559888023,9.998000399920016e-4,0.001199760047990402,0.002999400119976005
883779813_Pg355_03.fsa,Pg355,EX_03,EX-S,188,0.0017992802878848463,0.002399040383846462,0.9694122351059575,0.002598960415833667,0.0059976009596161535,0.0021991203518592563,0.012195121951219513,0.0033986405437824874
883779813_Pg355_04.fsa,Pg355,EX_03,EX-S,189,0.0012000000000000001,0.1572,0.35080000000000006,0.0018000000000000002,0.2384,0.23879999999999996,0.003,0.008799999999999999
883779813_Pg355_05.fsa,Pg355,EX_03,EX-S,190,0.003998400639744102,0.03158736505397841,0.4926029588164734,0.021391443422630947,0.009796081567373051,0.04898040783686526,0.013194722111155539,0.37844862055177936
883779813_Pg355_06.fsa,Pg355,EX_03,EX-S,191,0.001199760047990402,0.0021995600879824036,0.9698060387922416,0.001999600079984003,0.0037992401519696063,0.0025994801039792045,0.007598480303939213,0.010797840431913617
883779813_Pg355_07.fsa,Pg355,EX_03,EX-S,192,0.0014005602240896359,0.0022008803521408565,0.9673869547819128,0.0020008003201280513,0.005602240896358543,0.0028011204481792717,0.006602641056422569,0.012004801920768308
883779813_Pg355_08.fsa,Pg355,EX_03,EX-S,193,0.005201040208041607,0.1988397679535907,0.05321064212842569,0.020204040808161634,0.37087417483496693,0.3350670134026805,0.0028005601120224045,0.01380276055211042
883779813_Pg355_09.fsa,Pg355,EX_03,EX-S,194,0.0014002800560112022,0.003200640128025605,0.985997199439888,0.001800360072014403,0.002000400080016003,0.0010002000400080016,0.001800360072014403,0.0028005601120224045
883779813_Pg355_10.fsa,Pg355,EX_03,EX-S,195,0.0014,0.003,0.9862,0.0018000000000000002,0.002,0.0012000000000000001,0.002,0.0024000000000000002
883779813_Pg355_11.fsa,Pg355,EX_03,EX-S,196,0.0015996800639872027,0.002399520095980804,0.9844031193761248,0.0025994801039792045,0.0021995600879824036,0.0015996800639872027,0.001999600079984003,0.0031993601279744054
883779813_Pg355_12.fsa,Pg355,EX_03,EX-S,197,0.001798561151079137,0.0019984012789768186,0.9842126298960832,0.001798561151079137,0.0021982414068745008,0.001798561151079137,0.0021982414068745008,0.003996802557953638
883779813_Pg355_13.fsa,Pg355,EX_03,EX-S,198,0.0030012004801920765,0.008203281312525009,0.9565826330532213,0.0030012004801920765,0.005002000800320127,0.005202080832332932,0.0038015206082432956,0.015206082432973188
883779813_Pg355_14.fsa,Pg355,EX_03,EX-S,199,0.0016,0.0024000000000000002,0.9865999999999999,0.002,0.002,0.0012000000000000001,0.002,0.0022
