sample_id,population,population_label,state,sample_order,cluster_1,cluster_2,cluster_3,cluster_4,cluster_5,cluster_6,cluster_7,cluster_8,cluster_9
883779813_Pg346_01.fsa,Pg346,IN_01,IN,1,0.004999000199960008,0.1971605678864227,0.003599280143971206,0.0013997200559888023,0.002999400119976005,0.7806438712257548,0.002999400119976005,0.0035992801439712063,0.0025994801039792045
883779813_Pg346_02.fsa,Pg346,IN_01,IN,2,0.0032,0.19319999999999998,0.004999999999999999,0.0012000000000000001,0.002,0.7769999999999999,0.009600000000000001,0.0046,0.004200000000000001
883779813_Pg346_03.fsa,Pg346,IN_01,IN,3,0.0016009605763458077,0.19871923153892337,0.0014008405043025817,0.0012007204322593559,0.0014008405043025817,0.7908745247148289,0.0016009605763458077,0.0016009605763458077,0.0016009605763458077
883779813_Pg346_04.fsa,Pg346,IN_01,IN,4,0.0022004400880176037,0.19883976795359073,0.002000400080016003,0.0016003200640128028,0.0016003200640128028,0.7903580716143228,0.0010002000400080016,0.0012002400480096021,0.0012002400480096021
883779813_Pg346_05.fsa,Pg346,IN_01,IN,5,0.006198760247950409,0.19796040791841632,0.001999600079984003,0.001199760047990402,0.005798840231953609,0.7782443511297741,0.0015996800639872027,0.0015996800639872027,0.005398920215956809
883779813_Pg346_06.fsa,Pg346,IN_01,IN,6,0.0048000000000000004,0.2028,0.0024000000000000002,0.0154,0.004,0.7638,0.001,0.001,0.0048000000000000004
883779813_Pg346_07.fsa,Pg346,IN_01,IN,7,0.013002600520104022,0.1970394078815763,0.008601720344068814,0.0010002000400080016,0.00640128025605121,0.7573514702940588,0.0014002800560112022,0.0010002000400080016,0.014202840568113623
883779813_Pg346_08.fsa,Pg346,IN_01,IN,8,0.007198560287942412,0.1981603679264147,0.004199160167966407,9.998000399920016e-4,0.005598880223955209,0.7540491901619676,9.998000399920016e-4,9.998000399920016e-4,0.027794441111777646
883779813_Pg346_09.fsa,Pg346,IN_01,IN,9,0.005203121873123874,0.19791875125075045,0.0026015609365619375,0.0012007204322593559,0.00440264158495097,0.782069241544927,0.0014008405043025817,0.0012007204322593559,0.0040024014408645186
883779813_Pg346_10.fsa,Pg346,IN_01,IN,10,0.0025994801039792045,0.1983603279344131,0.0025994801039792045,0.001199760047990402,0.002399520095980804,0.78784243151369715,0.0013997200559888023,0.0013997200559888023,0.002199560087982403
883779813_Pg346_11.fsa,Pg346,IN_01,IN,11,0.0035992801439712063,0.19496100779844033,0.004599080183963208,9.998000399920016e-4,0.005198960207958408,0.7800439912017597,0.0015996800639872027,0.001999600079984003,0.006998600279944012
883779813_Pg346_12.fsa,Pg346,IN_01,IN,12,0.0022004400880176037,0.19803960792158432,0.0022004400880176037,0.0010002000400080016,0.002000400080016003,0.7885577115423085,0.001800360072014403,0.002000400080016003,0.0022004400880176037
883779813_Pg346_13.fsa,Pg346,IN_01,IN,13,0.002400480096019204,0.19863972794558912,0.0022004400880176033,0.0014002800560112022,0.002400480096019204,0.7871574314862972,0.0014002800560112022,0.001800360072014403,0.0026005201040208044
883779813_Pg346_14.fsa,Pg346,IN_01,IN,14,0.0054,0.1896,0.006999999999999999,0.0016,0.0073999999999999995,0.7718,0.0026,0.0024000000000000002,0.012199999999999999
883779813_Pg346_15.fsa,Pg346,IN_01,IN,15,0.018607442977190875,0.19587835134053622,0.005002000800320128,0.0010004001600640256,0.0056022408963585435,0.7651060424169668,0.0010004001600640256,0.0010004001600640256,0.006802721088435375
883779813_Pg346_16.fsa,Pg346,IN_01,IN,16,0.0020012007204322593,0.19871923153892337,0.0018010806483890337,0.0012007204322593559,0.0014008405043025817,0.7908745247148289,0.0010006003602161296,0.0010006003602161296,0.0020012007204322593
883779813_Pg346_17.fsa,Pg346,IN_01,IN,17,0.0028,0.1968,0.0024000000000000002,0.001,0.005600000000000001,0.7766,0.0058000000000000005,0.003,0.006
883779813_Pg346_18.fsa,Pg346,IN_01,IN,18,0.042242242242242246,0.1941941941941942,0.0024024024024024027,0.001001001001001001,0.002002002002002002,0.7535535535535536,0.0016016016016016017,0.0014014014014014013,0.0016016016016016017
883779813_Pg346_19.fsa,Pg346,IN_01,IN,19,0.00520104020804161,0.18883776755351073,0.007201440288057612,0.0014002800560112022,0.0036007201440288058,0.7855571114222843,0.002000400080016003,0.002000400080016003,0.004200840168033608
883779813_Pg346_20.fsa,Pg346,IN_01,IN,20,0.0026005201040208044,0.1968393678735747,0.0022004400880176033,0.001200240048009602,0.0036007201440288058,0.786757351470294,0.0026005201040208044,0.001800360072014403,0.002400480096019204
883779813_Pg346_21.fsa,Pg346,IN_01,IN,21,0.0058011602320464095,0.19863972794558912,0.0022004400880176037,0.007001400280056013,0.0016003200640128028,0.7809561912382477,0.0010002000400080016,0.0010002000400080016,0.001800360072014403
883779813_Pg346_22.fsa,Pg346,IN_01,IN,22,0.0020008003201280513,0.19787915166066425,0.004201680672268907,0.0012004801920768309,0.0020008003201280513,0.788515406162465,0.0010004001600640256,0.0010004001600640256,0.0022008803521408565
883779813_Pg346_23.fsa,Pg346,IN_01,IN,23,0.002601040416166467,0.19827931172468985,0.002601040416166467,0.0012004801920768309,0.0022008803521408565,0.788515406162465,0.0010004001600640256,0.0010004001600640256,0.002601040416166467
883779813_Pg346_24.fsa,Pg346,IN_01,IN,24,0.00200160128102482,0.19855884707766214,0.0018014411529223382,0.0012009607686148923,0.0024019215372297845,0.7898318654923939,0.00100080064051241,0.001401120896717374,0.0018014411529223382
883779813_Pg347_01.fsa,Pg347,KY_02,KY,25,0.19556088782243553,0.001999600079984003,0.7768446310737852,0.0025994801039792045,0.009798040391921616,0.006398720255948811,0.001199760047990402,0.0025994801039792045,0.002999400119976005
883779813_Pg347_02.fsa,Pg347,KY_02,KY,26,0.20319999999999996,0.0016,0.78,0.0014,0.004600000000000001,0.005599999999999999,0.001,0.001,0.0016
883779813_Pg347_03.fsa,Pg347,KY_02,KY,27,0.20599999999999996,0.0046,0.7598,0.006200000000000001,0.0108,0.0027999999999999995,0.0024000000000000002,0.0028000000000000004,0.0046
883779813_Pg347_11.fsa,Pg347,KY_02,KY,28,0.21175764847030598,0.01819636072785443,0.7022595480903819,0.0037992401519696063,0.04059188162367526,0.01259748050389922,0.003999200159968006,0.002799440111977605,0.003999200159968006
883779813_Pg347_12.fsa,Pg347,KY_02,KY,29,0.1950439648281375,0.020583533173461233,0.7559952038369304,0.00419664268585132,0.003796962430055956,0.014788169464428461,0.001398880895283773,0.001398880895283773,0.002797761790567546
883779813_Pg347_17.fsa,Pg347,KY_02,KY,30,0.202,0.0076,0.7672,0.0038,0.0076,0.004,0.0014,0.0014,0.005
883779813_Pg347_18.fsa,Pg347,KY_02,KY,31,0.2039592081583683,0.016996600679864027,0.7216556688662268,0.0035992801439712063,0.03439312137572485,0.004799040191961608,0.0061987602479504095,0.001999600079984003,0.006398720255948811
883779813_Pg347_21.fsa,Pg347,KY_02,KY,32,0.19451671002601562,0.003602161296778068,0.771462877726636,0.012407444466680009,0.0020012007204322597,0.004002401440864519,0.0020012007204322597,0.008004802881729039,0.0020012007204322597
883779813_Pg347_22.fsa,Pg347,KY_02,KY,33,0.2697078831532613,0.0010004001600640256,0.6954781912765106,0.001600640256102441,0.014605842336934774,0.0020008003201280513,0.008403361344537816,0.003201280512204882,0.004001600640256103
883779813_Pg347_23.fsa,Pg347,KY_02,KY,34,0.2687612567540525,0.0012007204322593557,0.7070242145287172,0.0010006003602161296,0.012607564538723233,0.002201320792475485,0.0018010806483890335,0.0010006003602161296,0.004402641584950969
883779813_Pg348_01.fsa,Pg348,EX_01,EX-S,35,0.19875900720576462,0.0026020816653322663,0.7824259407526021,0.0022017614091273015,0.006805444355484388,0.0028022417934347476,0.001401120896717374,0.00100080064051241,0.00200160128102482
883779813_Pg348_02.fsa,Pg348,EX_01,EX-S,36,0.001999200319872051,0.0013994402239104358,0.39584166333466614,0.0013994402239104358,0.0021991203518592563,0.5921631347461015,0.0013994402239104358,0.0017992802878848463,0.0017992802878848463
883779813_Pg348_03.fsa,Pg348,EX_01,EX-S,37,0.001999600079984003,0.0015996800639872027,0.3957208558288342,0.0017996400719856032,0.002199560087982403,0.5916816636672666,0.0013997200559888023,0.0017996400719856032,0.0017996400719856032
883779813_Pg348_04.fsa,Pg348,EX_01,EX-S,38,0.19807923169267708,0.002601040416166467,0.7807122849139655,0.002200880352140856,0.004201680672268908,0.005002000800320128,0.0020008003201280513,0.0020008003201280513,0.003201280512204882
883779813_Pg348_05.fsa,Pg348,EX_01,EX-S,39,0.2154430886177235,0.0028005601120224045,0.7545509101820365,0.003200640128025605,0.01220244048809762,0.0058011602320464095,0.0016003200640128026,0.001800360072014403,0.0026005201040208044
883779813_Pg348_06.fsa,Pg348,EX_01,EX-S,40,0.19827931172468985,0.0010004001600640256,0.7911164465786314,0.0012004801920768309,0.0022008803521408565,0.0024009603841536617,0.0012004801920768309,0.0010004001600640256,0.001600640256102441
883779813_Pg348_07.fsa,Pg348,EX_01,EX-S,41,0.20112067240344206,0.0014008405043025817,0.7866720032019212,0.0010006003602161296,0.002201320792475485,0.003402041224734841,0.0010006003602161296,0.0010006003602161296,0.0022013207924754855
883779813_Pg348_08.fsa,Pg348,EX_01,EX-S,42,0.1987987987987988,0.0012012012012012014,0.78998998998999,0.0016016016016016017,0.0024024024024024027,0.002602602602602603,0.001001001001001001,0.001001001001001001,0.0014014014014014013
883779813_Pg348_09.fsa,Pg348,EX_01,EX-S,43,0.22569027611044418,0.0012004801920768309,0.7358943577430972,0.0012004801920768309,0.01720688275310124,0.0056022408963585435,0.0020008003201280513,0.001600640256102441,0.009603841536614645
883779813_Pg348_10.fsa,Pg348,EX_01,EX-S,44,0.19956008798240352,9.998000399920016e-4,0.7914417116576684,9.998000399920016e-4,0.001999600079984003,0.0017996400719856032,9.998000399920016e-4,9.998000399920016e-4,0.001199760047990402
883779813_Pg348_11.fsa,Pg348,EX_01,EX-S,45,0.24024024024024027,0.0014014014014014015,0.7413413413413413,0.0010010010010010012,0.00880880880880881,0.0038038038038038045,0.0010010010010010012,0.0010010010010010012,0.0014014014014014015
883779813_Pg348_12.fsa,Pg348,EX_01,EX-S,46,0.1994797919167667,0.0010004001600640256,0.7901160464185675,0.0014005602240896359,0.003001200480192077,0.0018007202881152463,0.0010004001600640256,0.0010004001600640256,0.0012004801920768309
883779813_Pg348_13.fsa,Pg348,EX_01,EX-S,47,0.1990796318527411,0.0012004801920768309,0.7889155662264906,0.001600640256102441,0.0038015206082432974,0.0022008803521408565,0.0010004001600640256,0.0010004001600640256,0.0012004801920768309
883779813_Pg348_14.fsa,Pg348,EX_01,EX-S,48,0.2054054054054054,0.0014014014014014015,0.7773773773773774,0.0010010010010010012,0.004604604604604606,0.003803803803803804,0.0010010010010010012,0.0010010010010010012,0.004404404404404406
883779813_Pg348_15.fsa,Pg348,EX_01,EX-S,49,0.19787915166066425,0.001600640256102441,0.7867146858743497,0.001600640256102441,0.003201280512204882,0.003601440576230492,0.001600640256102441,0.0014005602240896359,0.0024009603841536617
883779813_Pg348_16.fsa,Pg348,EX_01,EX-S,50,0.1142228445689138,0.001200240048009602,0.6269253850770155,0.0016003200640128026,0.0034006801360272057,0.24604920984196837,0.001800360072014403,0.0016003200640128026,0.003200640128025605
883779813_Pg348_17.fsa,Pg348,EX_01,EX-S,51,0.09921984396879377,0.001800360072014403,0.45129025805161027,0.0010002000400080016,0.003400680136027206,0.43848769753950795,0.0010002000400080016,0.0014002800560112022,0.0024004800960192043
883779813_Pg348_18.fsa,Pg348,EX_01,EX-S,52,0.0018000000000000002,0.0014,0.3958,0.0021999999999999997,0.0021999999999999997,0.5918,0.001,0.0024000000000000002,0.0014
883779813_Pg348_19.fsa,Pg348,EX_01,EX-S,53,0.10944377751100441,0.0012004801920768309,0.6144457783113246,0.0014005602240896359,0.008403361344537816,0.2581032412965186,0.001600640256102441,0.001800720288115246,0.003601440576230492
883779813_Pg348_20.fsa,Pg348,EX_01,EX-S,54,0.0022008803521408565,0.0010004001600640256,0.3971588635454182,0.0012004801920768309,0.002601040416166467,0.5916366546618647,0.0010004001600640256,0.0014005602240896359,0.0018007202881152463
883779813_Pg348_21.fsa,Pg348,EX_01,EX-S,55,0.1201759648070386,0.0013997200559888023,0.7088582283543291,0.0015996800639872027,0.0037992401519696063,0.15336932613477303,0.002999400119976005,0.002799440111977604,0.004999000199960009
883779813_Pg348_22.fsa,Pg348,EX_01,EX-S,56,0.19991995197118273,0.0012007204322593559,0.7878727236341805,0.0010006003602161296,0.003001801080648389,0.0026015609365619375,0.0010006003602161296,0.0010006003602161296,0.0024014408645187117
883779813_Pg348_23.fsa,Pg348,EX_01,EX-S,57,0.21795640871825633,0.013197360527894421,0.7412517496500699,0.004999000199960009,0.009598080383923216,0.002999400119976005,9.998000399920016e-4,0.001199760047990402,0.007798440311937612
883779813_Pg348_24.fsa,Pg348,EX_01,EX-S,58,0.1944,0.0098,0.7594000000000001,0.0062,0.0058000000000000005,0.0024000000000000002,0.011,0.006999999999999999,0.004000000000000001
883779813_Pg349_01.fsa,Pg349,KY_01,KY,59,0.28054389122175566,0.027394521095780847,0.5126974605078984,0.007998400319936013,0.004399120175964806,0.14997000599880023,0.0039992001599680055,0.003399320135972806,0.009598080383923215
883779813_Pg349_02.fsa,Pg349,KY_01,KY,60,0.1971605678864227,0.008198360327934414,0.5758848230353929,0.002399520095980804,0.007598480303939213,0.1981603679264147,0.003599280143971206,0.001999600079984003,0.004999000199960009
883779813_Pg349_03.fsa,Pg349,KY_01,KY,61,0.20256204963971175,0.0026020816653322663,0.5842674139311449,0.0022017614091273015,0.01981585268214572,0.18034427542033626,0.001200960768614892,0.001200960768614892,0.005804643714971977
883779813_Pg349_04.fsa,Pg349,KY_01,KY,62,0.2006802721088435,0.0014005602240896359,0.5886354541816726,0.001600640256102441,0.005602240896358543,0.19327731092436976,0.0012004801920768309,0.0012004801920768309,0.006402561024409764
883779813_Pg349_07.fsa,Pg349,KY_01,KY,63,0.1948779511804722,0.002601040416166467,0.5870348139255702,0.001600640256102441,0.002601040416166467,0.2064825930372149,0.0010004001600640256,0.0012004801920768309,0.002601040416166467
883779813_Pg349_08.fsa,Pg349,KY_01,KY,64,0.19956008798240352,0.001999600079984003,0.5912817436512697,0.0013997200559888023,0.0021995600879824036,0.19796040791841632,0.0017996400719856032,0.001199760047990402,0.0025994801039792045
883779813_Pg349_09.fsa,Pg349,KY_01,KY,65,0.20099999999999998,0.0012000000000000001,0.5913999999999999,0.001,0.0026000000000000003,0.1972,0.0014,0.001,0.0032
883779813_Pg349_10.fsa,Pg349,KY_01,KY,66,0.19595676541232984,0.0020016012810248197,0.5824659727782227,0.0016012810248198558,0.009007205764611687,0.19815852682145715,0.0010008006405124099,0.0012009607686148918,0.008606885508406725
883779813_Pg349_11.fsa,Pg349,KY_01,KY,67,0.20484096819363873,0.0020004000800160036,0.5919183836767353,0.001600320064012803,0.0038007601520304067,0.17603520704140832,0.0018003600720144033,0.0010002000400080018,0.017003400680136033
883779813_Pg349_12.fsa,Pg349,KY_01,KY,68,0.19523904780956192,0.004200840168033608,0.5849169833966794,0.0012002400480096021,0.0038007601520304063,0.20504100820164034,0.0010002000400080016,0.0010002000400080016,0.003600720144028806
883779813_Pg349_13.fsa,Pg349,KY_01,KY,69,0.1944,0.0024000000000000002,0.584,0.003,0.004600000000000001,0.2004,0.0024000000000000002,0.0022,0.0066
883779813_Pg349_14.fsa,Pg349,KY_01,KY,70,0.19967987194877954,0.001600640256102441,0.5918367346938775,0.0010004001600640256,0.003001200480192077,0.19787915166066428,0.0010004001600640256,0.0010004001600640256,0.003001200480192077
883779813_Pg349_15.fsa,Pg349,KY_01,KY,71,0.19480519480519484,0.0021978021978021982,0.5614385614385614,0.0017982017982017986,0.017582417582417582,0.2007992007992008,0.0021978021978021982,0.005594405594405596,0.013586413586413588
883779813_Pg349_16.fsa,Pg349,KY_01,KY,72,0.2008,0.003,0.5784,0.0026000000000000003,0.0038,0.20199999999999996,0.003,0.0032,0.0032
883779813_Pg349_17.fsa,Pg349,KY_01,KY,73,0.198,0.0018000000000000002,0.5878,0.0021999999999999997,0.003,0.2,0.002,0.0016,0.0036000000000000003
883779813_Pg349_18.fsa,Pg349,KY_01,KY,74,0.20515896820635873,0.0019996000799840036,0.5916816636672666,0.0017996400719856034,0.0029994001199760054,0.19116176764647072,0.0019996000799840036,0.0013997200559888025,0.0017996400719856034
883779813_Pg349_19.fsa,Pg349,KY_01,KY,75,0.23199999999999998,0.0028,0.5808,0.0027999999999999995,0.009600000000000001,0.15960000000000002,0.0012000000000000001,0.0016,0.009600000000000001
883779813_Pg349_20.fsa,Pg349,KY_01,KY,76,0.19871923153892337,0.0018010806483890337,0.592555533319992,0.0012007204322593559,0.0054032419451671004,0.19551731038623174,0.0012007204322593559,0.0010006003602161296,0.0026015609365619375
883779813_Pg349_21.fsa,Pg349,KY_01,KY,77,0.1991991991991992,0.0016016016016016017,0.5919919919919919,0.0014014014014014013,0.0032032032032032033,0.1981981981981982,0.001001001001001001,0.0012012012012012014,0.002202202202202202
883779813_Pg349_22.fsa,Pg349,KY_01,KY,78,0.19607843137254907,0.0056022408963585435,0.5770308123249299,0.008203281312525013,0.010204081632653064,0.19267707082833135,0.003801520608243298,0.001200480192076831,0.005202080832332935
883779813_Pg349_23.fsa,Pg349,KY_01,KY,79,0.20259999999999997,0.003,0.5713999999999999,0.001,0.0054,0.20739999999999997,0.002,0.0016,0.005599999999999999
883779813_Pg349_24.fsa,Pg349,KY_01,KY,80,0.20688275310124046,0.0018007202881152463,0.575030012004802,0.0034013605442176874,0.0034013605442176874,0.19767907162865148,0.004001600640256103,0.002601040416166467,0.005202080832332934
883779813_Pg350_01.fsa,Pg350,KY_03,KY,81,0.9669801881128677,0.004202521512907746,0.011807084250550333,0.0010006003602161296,0.0026015609365619375,0.0054032419451671004,0.0014008405043025817,0.0012007204322593559,0.0054032419451671004
883779813_Pg350_02.fsa,Pg350,KY_03,KY,82,0.21087347591445132,0.05156905856486109,0.25584649210473726,0.16430141914851093,0.23765740555666598,0.032380571657005794,0.00879472316610034,0.009194483310013992,0.02938237057765341
883779813_Pg350_03.fsa,Pg350,KY_03,KY,83,0.9812,0.0012000000000000001,0.004200000000000001,0.001,0.0036000000000000003,0.002,0.002,0.0014,0.0034000000000000002
883779813_Pg350_04.fsa,Pg350,KY_03,KY,84,0.9283999999999999,0.010400000000000001,0.0082,0.002,0.005799999999999999,0.0134,0.0022,0.003,0.026600000000000002
883779813_Pg350_05.fsa,Pg350,KY_03,KY,85,0.7292917166866746,0.0014005602240896359,0.23229291716686676,0.0012004801920768309,0.006202480992396959,0.02300920368147259,0.0012004801920768309,0.0010004001600640256,0.004401760704281713
883779813_Pg350_06.fsa,Pg350,KY_03,KY,86,0.9378248700519791,0.004998000799680128,0.01279488204718113,0.005197920831667334,0.012994802079168335,0.0059976009596161535,0.005597760895641743,0.006197520991603358,0.008396641343462614
883779813_Pg350_07.fsa,Pg350,KY_03,KY,87,0.9448110377924415,0.002999400119976005,0.009598080383923216,0.001199760047990402,0.028994201159768054,0.00599880023995201,0.001999600079984003,0.0015996800639872027,0.0027994401119776045
883779813_Pg350_08.fsa,Pg350,KY_03,KY,88,0.8845538215286115,0.021608643457382955,0.004001600640256103,0.005002000800320128,0.04921968787515006,0.005202080832332933,0.011804721888755502,0.013005202080832334,0.0056022408963585435
883779813_Pg350_09.fsa,Pg350,KY_03,KY,89,0.9800000000000001,0.0024000000000000002,0.0024000000000000002,0.0014,0.0024000000000000002,0.0028,0.0014,0.0018000000000000002,0.005399999999999999
883779813_Pg350_10.fsa,Pg350,KY_03,KY,90,0.8595438175270108,0.003201280512204882,0.11224489795918366,0.002200880352140856,0.011204481792717087,0.003201280512204882,0.0024009603841536617,0.001800720288115246,0.004201680672268908
883779813_Pg350_11.fsa,Pg350,KY_03,KY,91,0.9747899159663865,0.0024009603841536617,0.007803121248499401,0.001600640256102441,0.003601440576230492,0.003201280512204882,0.0020008003201280513,0.0014005602240896359,0.003201280512204882
883779813_Pg350_12.fsa,Pg350,KY_03,KY,92,0.9259703881552621,0.007002801120448181,0.005002000800320127,0.0014005602240896359,0.034813925570228096,0.016206482593037214,0.003001200480192077,0.0020008003201280513,0.004601840736294518
883779813_Pg350_13.fsa,Pg350,KY_03,KY,93,0.9717887154861945,0.0018007202881152465,0.008003201280512205,0.0016006402561024413,0.004401760704281714,0.0040016006402561035,0.0010004001600640259,0.0016006402561024413,0.005802320928371351
883779813_Pg350_14.fsa,Pg350,KY_03,KY,94,0.9446110777844432,0.010197960407918417,0.00599880023995201,0.0031993601279744054,0.007998400319936013,0.008598280343931213,0.01359728054389122,0.0031993601279744054,0.002599480103979204
883779813_Pg350_15.fsa,Pg350,KY_03,KY,95,0.8341004602761657,0.0016009605763458075,0.11927156293776266,0.002201320792475485,0.014008405043025817,0.013007804682809687,0.0014008405043025814,0.0018010806483890335,0.012607564538723233
883779813_Pg350_16.fsa,Pg350,KY_03,KY,96,0.9047809561912383,0.0024004800960192043,0.07261452290458092,0.001800360072014403,0.004600920184036808,0.0068013602720544105,0.0010002000400080016,0.0010002000400080016,0.005001000200040008
883779813_Pg350_17.fsa,Pg350,KY_03,KY,97,0.9513805522208884,0.02180872348939576,0.010004001600640256,0.0010004001600640256,0.0022008803521408565,0.0078031212484993995,0.0012004801920768309,0.0010004001600640256,0.0036014405762304926
883779813_Pg350_18.fsa,Pg350,KY_03,KY,98,0.048990201959608085,0.02379524095180964,0.3435312937412518,0.007798440311937614,0.03459308138372325,0.5032993401319735,0.009198160367926417,0.005598880223955209,0.023195360927814438
883779813_Pg350_19.fsa,Pg350,KY_03,KY,99,0.8950209958008398,0.0015996800639872027,0.03759248150369926,0.001199760047990402,0.02499500099980004,0.002999400119976005,9.998000399920016e-4,0.001199760047990402,0.03439312137572485
883779813_Pg350_20.fsa,Pg350,KY_03,KY,100,0.976604679064187,0.005398920215956809,0.002999400119976005,0.001999600079984003,0.002799440111977604,0.005598880223955208,0.0013997200559888023,0.001199760047990402,0.001999600079984003
883779813_Pg350_21.fsa,Pg350,KY_03,KY,101,0.9522191123550581,0.0015993602558976412,0.005797680927628949,0.0013994402239104358,0.02598960415833667,0.004198320671731308,9.996001599360256e-4,9.996001599360256e-4,0.006797281087564975
883779813_Pg350_22.fsa,Pg350,KY_03,KY,102,0.9067627050820328,0.0020008003201280513,0.01720688275310124,0.0014005602240896359,0.06142456982793117,0.004601840736294518,0.001600640256102441,0.0014005602240896359,0.0036014405762304926
883779813_Pg351_01.fsa,Pg351,KY_04,KY,103,0.01520912547528517,0.002801681008605163,0.02661596958174905,0.0020012007204322597,0.9363618170902541,0.00840504302581549,0.0010006003602161296,0.0010006003602161296,0.006603962377426455
883779813_Pg351_02.fsa,Pg351,KY_04,KY,104,0.0076,0.0048000000000000004,0.0058000000000000005,0.02,0.921,0.004999999999999999,0.010600000000000002,0.016999999999999998,0.008200000000000002
883779813_Pg351_03.fsa,Pg351,KY_04,KY,105,0.008198360327934414,0.002399520095980804,0.01699660067986403,0.0035992801439712063,0.9408118376324736,0.002999400119976005,0.005198960207958409,0.00579884023195361,0.013997200559888024
883779813_Pg351_04.fsa,Pg351,KY_04,KY,106,0.009005403241945166,0.0010006003602161296,0.0054032419451671004,0.0010006003602161296,0.9671803081849109,0.0018010806483890335,0.0014008405043025814,0.0010006003602161296,0.01220732439463678
883779813_Pg351_05.fsa,Pg351,KY_04,KY,107,0.009601920384076815,0.0030006001200240046,0.00740148029605921,0.0030006001200240046,0.9167833566713343,0.012202440488097616,0.0032006401280256047,0.004400880176035207,0.04040808161632326
883779813_Pg351_06.fsa,Pg351,KY_04,KY,108,0.005200000000000001,0.0038000000000000004,0.003,0.0028,0.9684000000000001,0.0064,0.0032,0.003,0.0042
883779813_Pg351_07.fsa,Pg351,KY_04,KY,109,0.00860344137655062,0.0016006402561024409,0.06142456982793117,0.001800720288115246,0.9123649459783914,0.005602240896358542,0.0012004801920768306,0.0014005602240896356,0.006002400960384153
883779813_Pg351_08.fsa,Pg351,KY_04,KY,110,0.0024009603841536617,0.0012004801920768309,0.0028011204481792717,0.0010004001600640256,0.9829931972789115,0.002801120448179272,0.0010004001600640256,0.0012004801920768309,0.004601840736294518
883779813_Pg351_09.fsa,Pg351,KY_04,KY,111,0.007001400280056012,0.0010002000400080016,0.023004600920184037,0.0010002000400080016,0.9459891978395679,0.012202440488097618,0.001800360072014403,0.0016003200640128026,0.00640128025605121
883779813_Pg351_10.fsa,Pg351,KY_04,KY,112,0.0054,0.0012000000000000001,0.0028000000000000004,0.001,0.9822000000000001,0.0022,0.002,0.001,0.0021999999999999997
883779813_Pg351_11.fsa,Pg351,KY_04,KY,113,0.005198960207958409,0.0023995200959808036,0.025394921015796833,9.998000399920014e-4,0.9202159568086382,0.007398520295940811,0.0031993601279744046,0.003399320135972805,0.031793641271745644
883779813_Pg351_12.fsa,Pg351,KY_04,KY,114,0.08383353341336537,0.002801120448179272,0.09743897559023611,0.0012004801920768309,0.7855142056822728,0.020608243297318928,0.002801120448179272,0.001600640256102441,0.004201680672268908
883779813_Pg351_13.fsa,Pg351,KY_04,KY,115,0.007402961184473788,0.003801520608243297,0.0028011204481792717,0.0024009603841536617,0.9169667867146859,0.005202080832332934,0.003201280512204882,0.002601040416166467,0.05562224889955982
883779813_Pg351_14.fsa,Pg351,KY_04,KY,116,0.003999200159968006,0.002999400119976005,0.002999400119976005,0.0025994801039792045,0.9170165966806639,0.003999200159968006,0.005198960207958409,0.004399120175964806,0.05678864227154569
883779813_Pg351_15.fsa,Pg351,KY_04,KY,117,0.003997601439136519,0.003797721367179693,0.0053967619428343,0.0037977213671796925,0.962022786328203,0.01039376374175495,0.003198081151309215,0.003198081151309215,0.004197481511093344
883779813_Pg351_16.fsa,Pg351,KY_04,KY,118,0.00500300180108065,0.0024014408645187117,0.00840504302581549,0.0034020412247348416,0.9533720232139283,0.003602161296778068,0.0024014408645187117,0.0014008405043025817,0.0200120072043226
883779813_Pg351_17.fsa,Pg351,KY_04,KY,119,0.005203121873123875,0.0014008405043025817,0.010006003602161298,0.0016009605763458077,0.9651791074644787,0.005603362017210326,0.0012007204322593559,0.0018010806483890337,0.008004802881729035
883779813_Pg351_18.fsa,Pg351,KY_04,KY,120,0.006200000000000001,0.0016,0.0098,0.0016,0.959,0.009,0.002,0.0014,0.009399999999999999
883779813_Pg351_19.fsa,Pg351,KY_04,KY,121,0.003400680136027206,0.0024004800960192043,0.0024004800960192043,0.001800360072014403,0.9779955991198239,0.004200840168033608,0.0012002400480096021,0.0010002000400080016,0.005601120224044809
883779813_Pg351_20.fsa,Pg351,KY_04,KY,122,0.0056033620172103275,0.0016009605763458077,0.00440264158495097,0.0010006003602161296,0.9547728637182309,0.003001801080648389,0.0010006003602161296,0.0010006003602161296,0.027616569941965183
883779813_Pg351_21.fsa,Pg351,KY_04,KY,123,0.003598560575769692,0.0015993602558976412,0.005797680927628948,0.0015993602558976412,0.9742103158736506,0.002598960415833667,0.001999200319872051,0.001999200319872051,0.006597361055577769
883779813_Pg351_22.fsa,Pg351,KY_04,KY,124,0.01199760047990402,0.001999600079984003,0.007198560287942412,0.002999400119976005,0.953609278144371,0.001999600079984003,0.0021995600879824036,0.002799440111977605,0.015196960607878425
883779813_Pg351_23.fsa,Pg351,KY_04,KY,125,0.004198320671731308,0.0029988004798080768,0.003998400639744103,0.001999200319872051,0.9710115953618553,0.006597361055577769,0.0033986405437824866,0.0021991203518592563,0.0035985605757696926
883779813_Pg351_24.fsa,Pg351,KY_04,KY,126,0.0034000000000000002,0.002,0.0038,0.002,0.9675999999999998,0.003,0.002,0.0026000000000000003,0.013600000000000001
883779813_Pg352_01.fsa,Pg352,KY_05,KY,127,0.0030024019215372302,0.002802241793434748,0.39071257005604487,0.00400320256204964,0.0026020816653322663,0.5906725380304244,0.00200160128102482,0.0018014411529223382,0.0024019215372297845
883779813_Pg352_02.fsa,Pg352,KY_05,KY,128,0.0038000000000000004,0.0034000000000000002,0.3922,0.0032,0.0084,0.579,0.0018000000000000002,0.0018000000000000002,0.0064
883779813_Pg352_03.fsa,Pg352,KY_05,KY,129,0.005600000000000001,0.0030000000000000005,0.34759999999999996,0.0018000000000000002,0.004200000000000001,0.6219999999999999,0.0032,0.0048000000000000004,0.007800000000000001
883779813_Pg352_04.fsa,Pg352,KY_05,KY,130,0.003998400639744102,0.0021991203518592567,0.3836465413834466,0.0029988004798080768,0.008396641343462614,0.5795681727309077,0.0015993602558976412,0.004198320671731307,0.013394642143142744
883779813_Pg352_05.fsa,Pg352,KY_05,KY,131,0.0198,0.0064,0.384,0.0020000000000000005,0.030400000000000003,0.5428,0.0018000000000000002,0.0018000000000000002,0.011
883779813_Pg352_06.fsa,Pg352,KY_05,KY,132,0.0031968031968031972,0.008391608391608393,0.3248751248751249,0.0015984015984015986,0.006993006993006993,0.6315684315684316,0.0019980019980019984,0.002397602397602398,0.018981018981018984
883779813_Pg352_07.fsa,Pg352,KY_05,KY,133,0.005200000000000001,0.0048000000000000004,0.3754,0.0028,0.101,0.4864,0.0014,0.0016,0.021400000000000002
883779813_Pg352_08.fsa,Pg352,KY_05,KY,134,0.014000000000000002,0.0078,0.3958,0.005200000000000001,0.0064,0.564,0.0016,0.0026,0.0026000000000000003
883779813_Pg352_09.fsa,Pg352,KY_05,KY,135,0.0018000000000000002,0.002,0.39940000000000003,0.0026000000000000003,0.0024000000000000002,0.5845999999999999,0.0027999999999999995,0.0022,0.0022
883779813_Pg352_10.fsa,Pg352,KY_05,KY,136,0.005798840231953609,0.0027994401119776045,0.39392121575684863,0.004599080183963208,0.0025994801039792045,0.5826834633073386,0.0025994801039792045,0.0025994801039792045,0.002399520095980804
883779813_Pg352_11.fsa,Pg352,KY_05,KY,137,0.006394884092725819,0.0017985611510791366,0.4074740207833733,0.00759392486011191,0.002398081534772182,0.5659472422062349,0.002797761790567546,0.0033972821742605914,0.0021982414068745003
883779813_Pg352_12.fsa,Pg352,KY_05,KY,138,0.0020008003201280513,0.001800720288115246,0.39455782312925164,0.002801120448179272,0.002200880352140856,0.5902360944377751,0.0020008003201280513,0.0024009603841536617,0.0020008003201280513
883779813_Pg352_13.fsa,Pg352,KY_05,KY,139,0.002,0.0012000000000000001,0.39499999999999996,0.0012000000000000001,0.0027999999999999995,0.5917999999999999,0.0018000000000000002,0.0018000000000000002,0.0024000000000000002
883779813_Pg352_14.fsa,Pg352,KY_05,KY,140,0.0018000000000000002,0.0014,0.3962,0.0018000000000000002,0.0021999999999999997,0.5923999999999999,0.001,0.0018000000000000002,0.0014
883779813_Pg352_15.fsa,Pg352,KY_05,KY,141,0.001999600079984003,0.001199760047990402,0.39512097580483896,0.001199760047990402,0.0021995600879824036,0.5920815836832634,0.0017996400719856032,0.0021995600879824036,0.002199560087982403
883779813_Pg352_16.fsa,Pg352,KY_05,KY,142,0.001999200319872051,0.0021991203518592567,0.3740503798480608,0.001999200319872051,0.002798880447820871,0.5819672131147541,0.007197121151539385,0.004998000799680128,0.022790883646541388
883779813_Pg352_17.fsa,Pg352,KY_05,KY,143,0.003,0.0054,0.3807999999999999,0.010400000000000001,0.0054,0.582,0.0032,0.0058,0.004000000000000001
883779813_Pg352_18.fsa,Pg352,KY_05,KY,144,0.0019988007195682594,0.0019988007195682594,0.394963022186688,0.002398560863481911,0.002198680791525085,0.5896462122726365,0.002398560863481911,0.0021986807915250852,0.0021986807915250852
883779813_Pg352_19.fsa,Pg352,KY_05,KY,145,0.0034000000000000002,0.0014,0.39399999999999996,0.0016,0.0024000000000000002,0.5894,0.002,0.0024000000000000002,0.0034000000000000002
883779813_Pg352_20.fsa,Pg352,KY_05,KY,146,0.003201921152691615,0.02421452871723034,0.1630978587152291,0.0012007204322593557,0.0040024014408645186,0.7054232539523715,0.0068040824494696815,0.002601560936561937,0.08945367220332198
883779813_Pg352_21.fsa,Pg352,KY_05,KY,147,0.006002400960384154,0.0036014405762304926,0.3865546218487395,0.004601840736294519,0.0020008003201280513,0.5900360144057624,0.0024009603841536617,0.0014005602240896359,0.0034013605442176874
883779813_Pg352_22.fsa,Pg352,KY_05,KY,148,0.002,0.0012000000000000001,0.39519999999999994,0.0012000000000000001,0.002,0.5923999999999999,0.0018000000000000002,0.0018000000000000002,0.0024000000000000002
883779813_Pg352_23.fsa,Pg352,KY_05,KY,149,0.001999600079984003,0.001199760047990402,0.3957208558288342,9.998000399920016e-4,0.0021995600879824036,0.5920815836832634,0.0017996400719856032,0.0017996400719856032,0.002199560087982403
883779813_Pg352_24.fsa,Pg352,KY_05,KY,150,0.0021995600879824036,0.0017996400719856032,0.3955208958208358,0.002799440111977605,0.0027994401119776045,0.5880823835232953,0.001999600079984003,0.002599480103979204,0.002199560087982403
883779813_Pg353_01.fsa,Pg353,EX_02,EX-S,151,0.009001800360072013,0.0016003200640128026,0.010402080416083218,0.001200240048009602,0.014202840568113622,0.020604120824164834,0.20004000800160032,0.38527705541108215,0.3576715343068614
883779813_Pg353_02.fsa,Pg353,EX_02,EX-S,152,0.008001600320064013,0.004200840168033607,0.017003400680136026,0.0034006801360272057,0.026205241048209642,0.004800960192038408,0.2678535707141428,0.391878375675135,0.27665533106621326
883779813_Pg353_03.fsa,Pg353,EX_02,EX-S,153,0.14994002399040385,0.0015993602558976412,0.0021991203518592563,0.002399040383846462,0.002598960415833667,0.0029988004798080768,0.02239104358256697,0.02598960415833667,0.7898840463814475
883779813_Pg353_04.fsa,Pg353,EX_02,EX-S,154,0.07964778867320392,0.005003001801080648,0.11366820092055233,0.0022013207924754846,0.00740444266559936,0.21993195917550534,0.01640984590754453,0.023814288573143882,0.5319191514908944
883779813_Pg353_05.fsa,Pg353,EX_02,EX-S,155,0.01679664067186563,0.008198360327934412,0.08058388322335533,0.021195760847830435,0.20295940811837632,0.09438112377524496,0.006398720255948811,0.012797440511897622,0.5566886622675464
883779813_Pg353_06.fsa,Pg353,EX_02,EX-S,156,0.07237105157936825,0.0021991203518592563,0.002598960415833667,0.002399040383846462,0.0021991203518592563,0.002399040383846462,0.43342662934826076,0.007796881247500999,0.4746101559376249
883779813_Pg353_07.fsa,Pg353,EX_02,EX-S,157,0.001999600079984003,0.001999600079984003,0.001999600079984003,0.002199560087982403,0.0021995600879824036,0.0025994801039792045,0.7282543491301741,0.2553489302139572,0.003399320135972806
883779813_Pg353_08.fsa,Pg353,EX_02,EX-S,158,0.1424,0.0032,0.002,0.0014,0.0108,0.0028,0.0036000000000000003,0.0438,0.79
883779813_Pg353_09.fsa,Pg353,EX_02,EX-S,159,0.16329797878727237,0.010006003602161296,0.0030018010806483887,0.0022013207924754846,0.011606964178507106,0.0018010806483890335,0.008204922953772264,0.023414048429057432,0.7764658795277166
883779813_Pg353_10.fsa,Pg353,EX_02,EX-S,160,0.11742348469693938,0.014802960592118422,0.0014002800560112022,0.0044008801760352075,0.001800360072014403,0.002000400080016003,0.06281256251250249,0.015803160632126428,0.7795559111822364
883779813_Pg353_11.fsa,Pg353,EX_02,EX-S,161,0.12130295763389289,0.001798561151079137,0.012390087929656275,0.0019984012789768186,0.0021982414068745003,0.039968025579536375,0.011191047162270183,0.057354116706634706,0.7517985611510791
883779813_Pg353_12.fsa,Pg353,EX_02,EX-S,162,0.11177764447110579,0.0027994401119776045,0.004799040191961608,0.002999400119976005,0.003399320135972806,0.002799440111977605,0.15636872625474907,0.18236352729454108,0.5326934613077384
883779813_Pg353_13.fsa,Pg353,EX_02,EX-S,163,0.1315736852629474,0.002799440111977604,0.004999000199960009,0.004199160167966408,0.01199760047990402,0.015596880623875225,0.04559088182363527,0.0561887622475505,0.7270545890821837
883779813_Pg353_14.fsa,Pg353,EX_02,EX-S,164,0.021786927843294026,0.0019988007195682594,0.007995202878273037,0.0019988007195682594,0.025784529282430545,0.002398560863481911,0.7495502698380971,0.02858285028982611,0.15990405756546075
883779813_Pg353_15.fsa,Pg353,EX_02,EX-S,165,0.08286629303442755,0.002802241793434748,0.001601281024819856,0.002401921537229784,0.007205764611689353,0.0026020816653322663,0.029823859087269818,0.1521216973578863,0.7185748598879104
883779813_Pg353_16.fsa,Pg353,EX_02,EX-S,166,0.1608,0.0020000000000000005,0.0024000000000000002,0.0018000000000000002,0.0134,0.0124,0.0014,0.0024000000000000002,0.8033999999999999
883779813_Pg353_17.fsa,Pg353,EX_02,EX-S,167,0.09661932386477294,0.0034006801360272057,0.0030006001200240046,0.003200640128025605,0.004200840168033606,0.0044008801760352075,0.18643728745749147,0.16943388677735546,0.5293058611722344
883779813_Pg353_18.fsa,Pg353,EX_02,EX-S,168,0.0939624150339864,0.0027988804478208716,0.0029988004798080768,0.0021991203518592563,0.004998000799680128,0.0059976009596161535,0.41503398640543787,0.007397041183526589,0.4646141543382647
883779813_Pg353_19.fsa,Pg353,EX_02,EX-S,169,0.0017992802878848463,0.002399040383846462,0.1369452219112355,0.0021991203518592567,0.002399040383846462,0.23710515793682527,0.39084366253498604,0.2165133946421432,0.009796081567373051
883779813_Pg353_20.fsa,Pg353,EX_02,EX-S,170,0.005803482089253552,0.0024014408645187117,0.03522113267960776,0.002201320792475485,0.014208525115069042,0.03061837102261357,0.2643586151691015,0.41384830898539127,0.23133880328196918
883779813_Pg353_21.fsa,Pg353,EX_02,EX-S,171,0.16340000000000002,0.002,0.004399999999999999,0.0014,0.0036000000000000003,0.0098,0.0106,0.0206,0.7841999999999999
883779813_Pg353_22.fsa,Pg353,EX_02,EX-S,172,0.09718056388722256,0.0061987602479504095,0.13597280543891224,0.0025994801039792045,0.004999000199960009,0.21595680863827238,0.019996000799840034,0.016396720655868825,0.5006998600279944
883779813_Pg353_23.fsa,Pg353,EX_02,EX-S,173,0.006,0.0038000000000000004,0.0046,0.0026000000000000003,0.005,0.0102,0.3878,0.46519999999999995,0.11480000000000001
883779813_Pg353_24.fsa,Pg353,EX_02,EX-S,174,0.002801120448179272,0.00900360144057623,0.21608643457382956,0.007803121248499399,0.006202480992396959,0.3635454181672669,0.015406162464985997,0.07723089235694279,0.3019207683073229
883779813_Pg354_01.fsa,Pg354,KY_06,KY,175,0.008801760352070413,0.002200440088017604,0.02320464092818564,0.0028005601120224045,0.7769553910782157,0.016603320664132826,0.002000400080016003,0.0014002800560112022,0.16603320664132823
883779813_Pg354_02.fsa,Pg354,KY_06,KY,176,0.014994002399040387,0.007596961215513795,0.03758496601359457,0.001999200319872051,0.6965213914434226,0.038984406237505,0.005597760895641744,0.0031987205117952823,0.19352259096361454
883779813_Pg354_10.fsa,Pg354,KY_06,KY,177,0.00699720111955218,0.007397041183526591,0.008396641343462616,0.001999200319872051,0.7626949220311876,0.01599360255897641,0.0021991203518592563,0.001999200319872051,0.1923230707716913
883779813_Pg354_11.fsa,Pg354,KY_06,KY,178,0.0028016810086051633,0.04002401440864519,0.0062037222333400045,0.0012007204322593559,0.6692015209125475,0.08144886932159295,0.0010006003602161296,0.0012007204322593559,0.19691815089053433
883779813_Pg354_12.fsa,Pg354,KY_06,KY,179,0.023600000000000003,0.0012000000000000001,0.05,0.001,0.7222,0.004400000000000001,0.0012000000000000001,0.0012000000000000001,0.19519999999999998
883779813_Pg354_13.fsa,Pg354,KY_06,KY,180,0.003000600120024005,0.0044008801760352075,0.0058011602320464095,0.002800560112022405,0.7743548709741948,0.008801760352070415,0.0022004400880176037,0.0020004000800160036,0.19663932786557312
883779813_Pg354_14.fsa,Pg354,KY_06,KY,181,0.16023204640928182,0.0034006801360272052,0.1900380076015203,0.002600520104020804,0.40408081616323266,0.07281456291258251,0.0016003200640128023,0.0016003200640128023,0.16363272654530905
883779813_Pg354_15.fsa,Pg354,KY_06,KY,182,0.0040016006402561035,0.002400960384153662,0.013605442176870746,0.0014005602240896359,0.7745098039215685,0.0062024809923969595,0.0020008003201280513,0.0014005602240896359,0.19447779111644656
883779813_Pg354_22.fsa,Pg354,KY_06,KY,183,0.017810686411847108,0.0070042025215129085,0.005203121873123874,0.002601560936561937,0.7724634780868521,0.007604562737642585,0.0010006003602161296,0.0010006003602161296,0.1853111867120272
883779813_Pg354_23.fsa,Pg354,KY_06,KY,184,0.0030024019215372302,0.0036028823058446764,0.0024019215372297845,0.0012009607686148923,0.7846277021617294,0.004603682946357086,0.00100080064051241,0.00100080064051241,0.19855884707766214
